eco	name	pgn
A00	Amar Opening	1. Nh3
A00	Amar Opening: Paris Gambit	1. Nh3 d5 2. g3 e5 3. f4
A00	Amar Opening: Paris Gambit, Gent Gambit	1. Nh3 d5 2. g3 e5 3. f4 Bxh3 4. Bxh3 exf4 5. O-O fxg3 6. hxg3
A00	Amsterdam Attack	1. e3 e5 2. c4 d6 3. Nc3 Nc6 4. b3 Nf6
A00	Anderssen's Opening	1. a3
A00	Anderssen's Opening: Polish Gambit	1. a3 a5 2. b4
A00	Barnes Opening	1. f3
A00	Barnes Opening: Fool's Mate	1. f3 e5 2. g4 Qh4#
A00	Barnes Opening: Gedult Gambit	1. f3 d5 2. e4 g6 3. d4 dxe4 4. c3
A00	Barnes Opening: Gedult Gambit	1. f3 f5 2. e4 fxe4 3. Nc3
A00	Barnes Opening: Hammerschlag	1. f3 e5 2. Kf2
A00	Clemenz Opening	1. h3
A00	Clemenz Opening: Spike Lee Gambit	1. h3 h5 2. g4
A00	Creepy Crawly Formation: Classical Defense	1. h3 d5 2. a3 e5
A00	Formation: Hippopotamus Attack	1. a3 e5 2. b3 d5 3. c3 Nf6 4. d3 Nc6 5. e3 Bd6 6. f3 O-O 7. g3
A00	Formation: Shy Attack	1. a3 e5 2. g3 d5 3. Bg2 Nf6 4. d3 Nc6 5. Nd2 Bd6 6. e3 O-O 7. h3
A00	Global Opening	1. h3 e5 2. a3
A00	Grob Opening	1. g4
A00	Grob Opening: Alessi Gambit	1. g4 f5
A00	Grob Opening: Double Grob	1. g4 g5
A00	Grob Opening: Double Grob, Coca-Cola Gambit	1. g4 g5 2. f4
A00	Grob Opening: Grob Gambit	1. g4 d5 2. Bg2
A00	Grob Opening: Grob Gambit Declined	1. g4 d5 2. Bg2 c6
A00	Grob Opening: Grob Gambit, Basman Gambit	1. g4 d5 2. Bg2 h5 3. gxh5
A00	Grob Opening: Grob Gambit, Fritz Gambit	1. g4 d5 2. Bg2 Bxg4 3. c4
A00	Grob Opening: Grob Gambit, Fritz Gambit, Romford Countergambit	1. g4 d5 2. Bg2 Bxg4 3. c4 d4 4. Bxb7 Nd7 5. Bxa8 Qxa8
A00	Grob Opening: Grob Gambit, Keres Gambit	1. g4 d5 2. Bg2 e5 3. d4 exd4 4. c3
A00	Grob Opening: Grob Gambit, Richter-Grob Gambit	1. g4 d5 2. Bg2 c6 3. c4 dxc4 4. b3
A00	Grob Opening: Keene Defense	1. g4 d5 2. h3 e5 3. Bg2 c6
A00	Grob Opening: Keene Defense, Main Line	1. g4 d5 2. h3 e5 3. Bg2 c6 4. d4 e4 5. c4 Bd6 6. Nc3 Ne7
A00	Grob Opening: London Defense	1. g4 e5 2. h3 Nc6
A00	Grob Opening: Romford Countergambit	1. g4 d5 2. Bg2 Bxg4 3. c4 d4
A00	Grob Opening: Spike Attack	1. g4 d5 2. Bg2 c6 3. g5
A00	Grob Opening: Spike, Hurst Attack	1. g4 e5 2. Bg2 d5 3. c4
A00	Grob Opening: Zilbermints Gambit	1. g4 d5 2. e4 dxe4 3. Nc3
A00	Grob Opening: Zilbermints Gambit, Schiller Defense	1. g4 d5 2. e4 dxe4 3. Nc3 h5
A00	Grob Opening: Zilbermints Gambit, Zilbermints-Hartlaub Gambit	1. g4 d5 2. e4 dxe4 3. Nc3 e5 4. d3
A00	Hungarian Opening	1. g3
A00	Hungarian Opening: Asten Gambit	1. g3 Nc6 2. Nc3 d5 3. d4 e5 4. dxe5 d4 5. Ne4 f5
A00	Hungarian Opening: Burk Gambit	1. g3 e5 2. a3 d5 3. Nf3 e4 4. Nh4 Be7 5. d3
A00	Hungarian Opening: Bücker Gambit	1. g3 d5 2. Bg2 e5 3. b4
A00	Hungarian Opening: Catalan Formation	1. g3 d5 2. Bg2 e6
A00	Hungarian Opening: Dutch Defense	1. g3 f5
A00	Hungarian Opening: Indian Defense	1. g3 Nf6
A00	Hungarian Opening: Myers Defense	1. g3 g5
A00	Hungarian Opening: Pachman Gambit	1. g3 f5 2. e4 fxe4 3. Qh5+ g6
A00	Hungarian Opening: Paris Gambit	1. g3 e5 2. Nh3 d5 3. f4 Bxh3 4. Bxh3 exf4 5. O-O
A00	Hungarian Opening: Reversed Alekhine	1. g3 e5 2. Nf3
A00	Hungarian Opening: Reversed Brooklyn Defense, Brooklyn Benko Gambit	1. g3 e5 2. Nf3 e4 3. Ng1 Nf6 4. b4
A00	Hungarian Opening: Reversed Modern Defense	1. g3 d5 2. Bg2 c5
A00	Hungarian Opening: Reversed Norwegian Defense	1. g3 e5 2. Nf3 e4 3. Nh4
A00	Hungarian Opening: Sicilian Invitation	1. g3 c5
A00	Hungarian Opening: Slav Formation	1. g3 d5 2. Bg2 c6
A00	Hungarian Opening: Symmetrical Variation	1. g3 g6
A00	Hungarian Opening: Van Kuijk Gambit	1. g3 h5 2. Nf3 h4
A00	Hungarian Opening: Winterberg Gambit	1. g3 d5 2. Bg2 e5 3. c4 dxc4 4. b3
A00	Kádas Opening	1. h4
A00	Kádas Opening: Beginner's Trap	1. h4 d5 2. Rh3
A00	Kádas Opening: Koola-Koola Variation	1. h4 a5
A00	Kádas Opening: Kádas Gambit	1. h4 c5 2. b4
A00	Kádas Opening: Kádas Gambit	1. h4 d5 2. d4 c5 3. Nf3 cxd4 4. c3
A00	Kádas Opening: Kádas Gambit	1. h4 e5 2. d4 exd4 3. c3
A00	Kádas Opening: Myers Variation	1. h4 d5 2. d4 c5 3. e4
A00	Kádas Opening: Schneider Gambit	1. h4 g5
A00	Kádas Opening: Steinbok Gambit	1. h4 f5 2. e4 fxe4 3. d3
A00	Lasker Simul Special	1. g3 h5
A00	Mieses Opening	1. d3
A00	Mieses Opening: Myers Spike Attack	1. d3 g6 2. g4
A00	Mieses Opening: Reversed Rat	1. d3 e5
A00	Mieses Opening: Venezolana Variation	1. d3 c5 2. Nc3 Nc6 3. g3
A00	Polish Opening	1. b4
A00	Polish Opening: Baltic Defense	1. b4 d5 2. Bb2 Bf5
A00	Polish Opening: Birmingham Gambit	1. b4 c5
A00	Polish Opening: Bugayev Advance Variation	1. b4 e5 2. Bb2 f6 3. b5
A00	Polish Opening: Bugayev Attack	1. b4 e5 2. a3
A00	Polish Opening: Czech Defense	1. b4 e5 2. Bb2 d6
A00	Polish Opening: Dutch Defense	1. b4 f5
A00	Polish Opening: German Defense	1. b4 d5 2. Bb2 Qd6
A00	Polish Opening: Grigorian Variation	1. b4 Nc6
A00	Polish Opening: Karniewski Variation	1. b4 Nh6
A00	Polish Opening: King's Indian Variation	1. b4 Nf6 2. Bb2 g6
A00	Polish Opening: King's Indian Variation, Schiffler Attack	1. b4 Nf6 2. Bb2 g6 3. e4
A00	Polish Opening: King's Indian Variation, Sokolsky Attack	1. b4 Nf6 2. Bb2 g6 3. c4 Bg7 4. e3 d6 5. Nf3 O-O 6. d4
A00	Polish Opening: Myers Variation	1. b4 d5 2. Bb2 c6 3. a4
A00	Polish Opening: Outflank Variation	1. b4 c6
A00	Polish Opening: Queen's Indian Variation	1. b4 e6 2. Bb2 Nf6 3. b5 b6
A00	Polish Opening: Queenside Defense	1. b4 e6 2. Bb2 Nf6 3. b5 a6
A00	Polish Opening: Rooks Swap Line	1. b4 e6 2. Bb2 Nf6 3. b5 a6 4. a4 axb5 5. axb5 Rxa1 6. Bxa1
A00	Polish Opening: Schiffler-Sokolsky Variation	1. b4 e6 2. Bb2 Nf6 3. b5 d5 4. e3
A00	Polish Opening: Schuehler Gambit	1. b4 c6 2. Bb2 a5 3. b5 cxb5 4. e4
A00	Polish Opening: Symmetrical Variation	1. b4 b5
A00	Polish Opening: Tartakower Gambit	1. b4 e5 2. Bb2 f6 3. e4
A00	Polish Opening: Wolferts Gambit	1. b4 e5 2. Bb2 c5
A00	Saragossa Opening	1. c3
A00	Sodium Attack	1. Na3
A00	Sodium Attack: Celadon Variation	1. Na3 e5 2. d3 Bxa3 3. bxa3 d5 4. e3 c5 5. Rb1
A00	Sodium Attack: Chenoboskion Variation	1. Na3 g6 2. g4
A00	Sodium Attack: Durkin Gambit	1. Na3 e5 2. Nc4 Nc6 3. e4 f5
A00	Valencia Opening	1. d3 e5 2. Nd2
A00	Van Geet Opening	1. Nc3
A00	Van Geet Opening: Battambang Variation	1. a3 e5 2. Nc3
A00	Van Geet Opening: Billockus-Johansen Gambit	1. Nc3 e5 2. Nf3 Bc5
A00	Van Geet Opening: Damhaug Gambit	1. Nc3 d5 2. f4 e5
A00	Van Geet Opening: Dougherty Gambit	1. Nc3 d5 2. e4 dxe4 3. f3
A00	Van Geet Opening: Dunst-Perrenet Gambit	1. Nc3 d5 2. e4 dxe4 3. d3
A00	Van Geet Opening: Düsseldorf Gambit	1. Nc3 c5 2. b4
A00	Van Geet Opening: Gladbacher Gambit	1. Nc3 e5 2. b3 d5 3. e4 dxe4 4. d3
A00	Van Geet Opening: Hector Gambit	1. Nc3 d5 2. e4 dxe4 3. Bc4
A00	Van Geet Opening: Hergert Gambit	1. Nc3 d6 2. f4 e5 3. fxe5 Nc6
A00	Van Geet Opening: Hulsemann Gambit	1. Nc3 e5 2. e3 d5 3. Qh5 Be6
A00	Van Geet Opening: Jendrossek Gambit	1. Nc3 d5 2. f4 d4 3. Ne4 f5 4. Nf2 Nf6 5. Nf3 c5 6. b4
A00	Van Geet Opening: Kluever Gambit	1. Nc3 f5 2. e4 fxe4 3. d3
A00	Van Geet Opening: Laroche Gambit	1. Nc3 b5
A00	Van Geet Opening: Liebig Gambit	1. Nc3 e5 2. e3 d5 3. Qh5 Nf6
A00	Van Geet Opening: Melleby Gambit	1. Nc3 d5 2. f4 d4 3. Ne4 c5
A00	Van Geet Opening: Myers Attack	1. Nc3 g6 2. h4
A00	Van Geet Opening: Napoleon Attack	1. Nc3 e5 2. Nf3 Nc6 3. d4
A00	Van Geet Opening: Novosibirsk Variation	1. Nc3 c5 2. d4 cxd4 3. Qxd4 Nc6 4. Qh4
A00	Van Geet Opening: Nowokunski Gambit	1. Nc3 e5 2. f4 exf4 3. e4
A00	Van Geet Opening: Pfeiffer Gambit	1. Nc3 d5 2. f4 d4 3. Ne4 e5
A00	Van Geet Opening: Pfeiffer Gambit, Sleipnir Countergambit	1. Nc3 d5 2. f4 d4 3. Ne4 e5 4. Nf3
A00	Van Geet Opening: Reversed Nimzowitsch	1. Nc3 e5
A00	Van Geet Opening: Reversed Scandinavian	1. Nc3 e5 2. d4 exd4 3. Qxd4 Nc6 4. Qa4
A00	Van Geet Opening: Sicilian Two Knights	1. Nc3 c5 2. Nf3 Nc6 3. d4 cxd4 4. Nxd4
A00	Van Geet Opening: Sleipnir Gambit	1. Nc3 d5 2. e3 e5 3. d4 Bb4
A00	Van Geet Opening: Twyble Attack	1. Nc3 c5 2. Rb1
A00	Van Geet Opening: Tübingen Gambit	1. Nc3 Nf6 2. g4
A00	Van Geet Opening: Venezolana Variation	1. Nc3 d5 2. d3 Nf6 3. g3
A00	Van Geet Opening: Warsteiner Gambit	1. Nc3 d5 2. f4 g5
A00	Van't Kruijs Opening	1. e3
A00	Van't Kruijs Opening: Bouncing Bishop Variation	1. e3 e5 2. Bc4 b5 3. Bb3
A00	Van't Kruijs Opening: Keoni-Hiva Gambit, Akahi Variation	1. e3 e5 2. Nc3 Nf6 3. f4 exf4 4. Nf3
A00	Van't Kruijs Opening: Keoni-Hiva Gambit, Alua Variation	1. e3 e5 2. Nc3 Nc6 3. f4 exf4 4. Nf3
A00	Van't Kruijs Opening: Keoni-Hiva Gambit, Ekolu Variation	1. e3 e5 2. Nc3 d5 3. f4 exf4 4. Nf3
A00	Ware Opening	1. a4
A00	Ware Opening: Cologne Gambit	1. a4 b6 2. d4 d5 3. Nc3 Nd7
A00	Ware Opening: Crab Variation	1. a4 e5 2. h4
A00	Ware Opening: Meadow Hay Trap	1. a4 e5 2. Ra3
A00	Ware Opening: Symmetric Variation	1. a4 a5
A00	Ware Opening: Ware Gambit	1. a4 e5 2. a5 d5 3. e3 f5 4. a6
A00	Ware Opening: Wing Gambit	1. a4 b5 2. axb5 Bb7
A01	Nimzo-Larsen Attack	1. b3
A01	Nimzo-Larsen Attack: Classical Variation	1. b3 d5
A01	Nimzo-Larsen Attack: Dutch Variation	1. b3 f5
A01	Nimzo-Larsen Attack: English Variation	1. b3 c5
A01	Nimzo-Larsen Attack: Graz Attack	1. b3 d5 2. Ba3
A01	Nimzo-Larsen Attack: Indian Variation	1. b3 Nf6
A01	Nimzo-Larsen Attack: Modern Variation	1. b3 e5
A01	Nimzo-Larsen Attack: Modern Variation	1. b3 e5 2. Bb2 Nc6
A01	Nimzo-Larsen Attack: Modern Variation	1. b3 e5 2. Bb2 Nc6 3. e3
A01	Nimzo-Larsen Attack: Modern Variation	1. b3 e5 2. Bb2 Nc6 3. c4 Nf6
A01	Nimzo-Larsen Attack: Pachman Gambit	1. b3 e5 2. Bb2 Nc6 3. f4
A01	Nimzo-Larsen Attack: Polish Variation	1. b3 b5
A01	Nimzo-Larsen Attack: Ringelbach Gambit	1. b3 f5 2. Bb2 e6 3. e4
A01	Nimzo-Larsen Attack: Spike Variation	1. b3 Nf6 2. Bb2 g6 3. g4
A01	Nimzo-Larsen Attack: Symmetrical Variation	1. b3 b6
A02	Bird Opening	1. f4
A02	Bird Opening: Batavo-Polish Attack	1. f4 Nf6 2. Nf3 g6 3. b4
A02	Bird Opening: Double Duck Formation	1. f4 f5 2. d4 d5
A02	Bird Opening: From's Gambit	1. f4 e5
A02	Bird Opening: From's Gambit, Bahr Gambit	1. f4 e5 2. Nc3
A02	Bird Opening: From's Gambit, Langheld Gambit	1. f4 e5 2. fxe5 d6 3. exd6 Nf6
A02	Bird Opening: From's Gambit, Lasker Variation	1. f4 e5 2. fxe5 d6 3. exd6 Bxd6 4. Nf3 g5
A02	Bird Opening: From's Gambit, Lipke Variation	1. f4 e5 2. fxe5 d6 3. exd6 Bxd6 4. Nf3 Nh6 5. d4
A02	Bird Opening: Hobbs Gambit	1. f4 g5
A02	Bird Opening: Hobbs-Zilbermints Gambit	1. f4 h6 2. Nf3 g5
A02	Bird Opening: Horsefly Defense	1. f4 Nh6
A02	Bird Opening: Lasker Gambit	1. f4 e5 2. fxe5 f6
A02	Bird Opening: Mujannah	1. f4 Nf6 2. c4
A02	Bird Opening: Myers Defense	1. f4 b5
A02	Bird Opening: Platz Gambit	1. f4 e5 2. fxe5 Ne7
A02	Bird Opening: Schlechter Gambit	1. f4 e5 2. fxe5 Nc6
A02	Bird Opening: Siegener Gambit	1. f4 e5 2. d4 exd4 3. Nf3 c5 4. c3
A02	Bird Opening: Swiss Gambit	1. f4 f5 2. e4 fxe4 3. Nc3 Nf6 4. g4
A02	Bird Opening: Wagner-Zwitersch Gambit	1. f4 f5 2. e4
A03	Bird Opening: Dutch Variation	1. f4 d5
A03	Bird Opening: Dutch Variation, Dudweiler Gambit	1. f4 d5 2. g4
A03	Bird Opening: Lasker Variation	1. f4 d5 2. Nf3 Nf6 3. e3 c5
A03	Bird Opening: Sturm Gambit	1. f4 d5 2. c4
A03	Bird Opening: Thomas Gambit	1. f4 d5 2. b3 Nf6 3. Bb2 d4 4. Nf3 c5 5. e3
A03	Bird Opening: Williams Gambit	1. f4 d5 2. e4
A03	Bird Opening: Williams Gambit	1. f4 d5 2. e4 dxe4 3. Nc3 Nf6 4. Qe2
A03	Bird Opening: Williams-Zilbermints Gambit	1. f4 d5 2. e4 dxe4 3. Nc3 Nf6 4. Nge2
A04	Colle System: Rhamphorhynchus Variation	1. Nf3 c5 2. e3 g6 3. d4 Bg7 4. dxc5 Qa5+
A04	Modern Defense: Semi-Averbakh Variation, Polish Variation	1. Nf3 c5 2. c4 g6 3. d4 Bg7 4. e4 Qb6
A04	Modern Defense: Semi-Averbakh Variation, Pterodactyl Variation	1. Nf3 c5 2. c4 g6 3. d4 Bg7 4. e4 Qa5+
A04	Modern Defense: Semi-Averbakh Variation, Pterodactyl Variation Accepted	1. Nf3 g6 2. d4 Bg7 3. e4 d6 4. c4 c5 5. dxc5 Qa5+
A04	Zukertort Defense: Kingside Variation	1. Nf3 Nh6 2. d4 g6
A04	Zukertort Defense: Sicilian Knight Variation	1. Nf3 Na6 2. e4 c5
A04	Zukertort Opening	1. Nf3
A04	Zukertort Opening: Arctic Defense	1. Nf3 f6
A04	Zukertort Opening: Arctic Defense, Drunken Knight Variation	1. Nf3 f6 2. e4 Nh6 3. d4 Nf7
A04	Zukertort Opening: Basman Defense	1. Nf3 h6
A04	Zukertort Opening: Black Mustang Defense	1. Nf3 Nc6
A04	Zukertort Opening: Drunken Cavalry Variation	1. Nf3 Na6 2. e4 Nh6
A04	Zukertort Opening: Dutch Variation	1. Nf3 f5
A04	Zukertort Opening: Herrstrom Gambit	1. Nf3 g5
A04	Zukertort Opening: Kingside Fianchetto	1. Nf3 g6
A04	Zukertort Opening: Lisitsyn Gambit	1. Nf3 f5 2. e4
A04	Zukertort Opening: Lisitsyn Gambit Deferred	1. Nf3 f5 2. d3 Nf6 3. e4
A04	Zukertort Opening: Pirc Invitation	1. Nf3 d6
A04	Zukertort Opening: Polish Defense	1. Nf3 b5
A04	Zukertort Opening: Queen's Gambit Invitation	1. Nf3 e6
A04	Zukertort Opening: Queenside Fianchetto Variation	1. Nf3 b6
A04	Zukertort Opening: Ross Gambit	1. Nf3 e5
A04	Zukertort Opening: Shabalov Gambit	1. Nf3 e6 2. c4 a6 3. Nc3 c5 4. g3 b5
A04	Zukertort Opening: Sicilian Invitation	1. Nf3 c5
A04	Zukertort Opening: Slav Invitation	1. Nf3 c6
A04	Zukertort Opening: Speelsmet Gambit	1. Nf3 c5 2. d4 cxd4 3. e3
A04	Zukertort Opening: St. George Defense	1. Nf3 a6
A04	Zukertort Opening: The Walrus	1. Nf3 e5 2. Nxe5 Nc6 3. Nxc6 dxc6
A04	Zukertort Opening: Vos Gambit	1. Nf3 d6 2. d4 e5
A04	Zukertort Opening: Wade Defense	1. Nf3 d6 2. e4 Bg4
A04	Zukertort Opening: Ware Defense	1. Nf3 a5
A05	King's Indian Attack	1. Nf3 Nf6 2. g3 d5
A05	King's Indian Attack: Smyslov Variation	1. Nf3 Nf6 2. g3 g6 3. b4
A05	King's Indian Attack: Spassky Variation	1. Nf3 Nf6 2. g3 b5
A05	King's Indian Attack: Symmetrical Defense	1. Nf3 Nf6 2. g3 g6
A05	King's Indian Attack: Wahls Defense	1. Nf3 Nf6 2. g3 g6 3. Bg2 Bg7 4. O-O O-O 5. d3 d5
A05	Polish Opening: Zukertort System	1. Nf3 Nf6 2. b4
A05	Zukertort Opening	1. Nf3 Nf6
A05	Zukertort Opening	1. Nf3 Nf6 2. Nc3 Nc6
A05	Zukertort Opening: Double Fianchetto Attack	1. Nf3 Nf6 2. g3 g6 3. b3 Bg7 4. Bb2 O-O 5. Bg2 d6 6. O-O
A05	Zukertort Opening: Lemberger Gambit	1. Nf3 Nf6 2. e4
A05	Zukertort Opening: Myers Polish Attack	1. Nf3 Nf6 2. a4 g6 3. b4
A05	Zukertort Opening: Nimzo-Larsen Variation	1. Nf3 Nf6 2. b3
A05	Zukertort Opening: Quiet System	1. Nf3 Nf6 2. e3
A06	Nimzo-Larsen Attack: Classical Variation	1. Nf3 d5 2. b3
A06	Nimzo-Larsen Attack: Norfolk Gambit	1. Nf3 d5 2. b3 c5 3. e4
A06	Nimzo-Larsen Attack: Norfolk Gambit	1. Nf3 d5 2. b3 Nf6 3. Bb2 c5 4. e4
A06	Zukertort Opening	1. Nf3 d5
A06	Zukertort Opening: Ampel Variation	1. Nf3 d5 2. Rg1
A06	Zukertort Opening: Old Indian Attack	1. Nf3 d5 2. d3
A06	Zukertort Opening: Pachman Gambit	1. Nf3 d5 2. e3 c5 3. c4 dxc4 4. b3
A06	Zukertort Opening: Regina-Nu Gambit	1. Nf3 d5 2. b3 c5 3. c4 dxc4 4. Nc3
A06	Zukertort Opening: Reversed Mexican Defense	1. Nf3 d5 2. Nc3
A06	Zukertort Opening: Santasiere's Folly	1. b4 d5 2. Nf3
A06	Zukertort Opening: Tennison Gambit	1. e4 d5 2. Nf3
A06	Zukertort Opening: Tennison Gambit, Brigg's Trap	1. e4 d5 2. Nf3 dxe4 3. Ng5 Nf6 4. Nc3 Bf5 5. Qe2 Qd4
A06	Zukertort Opening: The Potato	1. Nf3 d5 2. a4
A07	Hungarian Opening: Wiedenhagen-Beta Gambit	1. g3 d5 2. Nf3 g5
A07	King's Indian Attack	1. Nf3 d5 2. g3
A07	King's Indian Attack, with Bf5	1. Nf3 Nf6 2. g3 d5 3. Bg2 c6 4. O-O Bf5 5. d3 h6 6. c4 dxc4
A07	King's Indian Attack, with Bf5	1. Nf3 Nf6 2. g3 d5 3. Bg2 c6 4. O-O Bf5 5. d3 e6 6. Nh4
A07	King's Indian Attack: Double Fianchetto	1. Nf3 d5 2. g3 g6
A07	King's Indian Attack: Keres Variation	1. Nf3 d5 2. g3 Bg4
A07	King's Indian Attack: Keres Variation	1. Nf3 d5 2. g3 Bg4 3. Bg2 Nd7
A07	King's Indian Attack: Keres Variation	1. Nf3 d5 2. g3 c6 3. Bg2 Bg4 4. O-O Nd7
A07	King's Indian Attack: Omega-Delta Gambit	1. Nf3 d5 2. g3 e5
A07	King's Indian Attack: Pachman System	1. Nf3 d5 2. g3 g6 3. Bg2 Bg7 4. O-O e5 5. d3 Ne7
A07	King's Indian Attack: Sicilian Variation	1. Nf3 d5 2. g3 c5
A07	King's Indian Attack: Yugoslav Variation	1. Nf3 Nf6 2. g3 d5 3. Bg2 c6 4. O-O Bg4
A08	King's Indian Attack: French Variation	1. Nf3 d5 2. g3 c5 3. Bg2 Nc6
A08	King's Indian Attack: Sicilian Variation	1. e4 e6 2. d3 d5 3. Nd2 Nf6 4. Ngf3 c5 5. g3 Nc6 6. Bg2 Be7 7. O-O O-O 8. Re1
A08	King's Indian Attack: Sicilian Variation	1. Nf3 d5 2. g3 c5 3. Bg2
A08	King's Indian Attack: Sicilian Variation	1. Nf3 d5 2. g3 c5 3. Bg2 Nf6 4. O-O e6 5. d3
A08	Zukertort Opening: Reversed Grünfeld	1. Nf3 d5 2. g3 c5 3. Bg2 Nc6 4. d4
A08	Zukertort Opening: Reversed Grünfeld	1. Nf3 d5 2. g3 c5 3. Bg2 Nc6 4. d4 Nf6
A08	Zukertort Opening: Reversed Grünfeld	1. Nf3 d5 2. g3 c5 3. Bg2 Nc6 4. d4 Nf6 5. O-O
A08	Zukertort Opening: Reversed Grünfeld	1. Nf3 d5 2. g3 c5 3. Bg2 Nc6 4. d4 e6 5. O-O
A09	Réti Opening	1. Nf3 d5 2. c4
A09	Réti Opening: Advance Variation	1. Nf3 d5 2. c4 d4
A09	Réti Opening: Advance Variation, Michel Gambit	1. Nf3 d5 2. c4 d4 3. b4 c5
A09	Réti Opening: Penguin Variation	1. Nf3 d5 2. c4 d4 3. Rg1
A09	Réti Opening: Reversed Blumenfeld Gambit	1. Nf3 d5 2. c4 d4 3. e3 c5 4. b4
A09	Réti Opening: Réti Accepted	1. Nf3 d5 2. c4 dxc4
A09	Réti Opening: Réti Gambit, Keres Variation	1. Nf3 d5 2. c4 dxc4 3. e3 Be6
A09	Réti Opening: Zilbermints Gambit	1. Nf3 d5 2. c4 b5
A10	English Opening	1. c4
A10	English Opening: Achilles-Omega Gambit	1. c4 Nf6 2. e4
A10	English Opening: Adorjan Defense	1. c4 g6 2. e4 e5
A10	English Opening: Anglo-Dutch Defense	1. c4 f5
A10	English Opening: Anglo-Dutch Defense, Hickmann Gambit	1. c4 f5 2. e4
A10	English Opening: Anglo-Dutch Variation, Chabanon Gambit	1. c4 f5 2. Nf3 d6 3. e4
A10	English Opening: Anglo-Dutch Variation, Ferenc Gambit	1. c4 f5 2. Nc3 Nf6 3. e4
A10	English Opening: Anglo-Lithuanian Variation	1. c4 Nc6
A10	English Opening: Anglo-Scandinavian Defense	1. c4 d5
A10	English Opening: Anglo-Scandinavian Defense, Löhn Gambit	1. c4 d5 2. cxd5 e6
A10	English Opening: Anglo-Scandinavian Defense, Malvinas Variation	1. c4 d5 2. cxd5 Qxd5 3. Nc3 Qa5
A10	English Opening: Anglo-Scandinavian Defense, Schulz Gambit	1. c4 d5 2. cxd5 Nf6
A10	English Opening: Great Snake Variation	1. c4 g6
A10	English Opening: Jaenisch Gambit	1. c4 b5
A10	English Opening: King's English Variation, Botvinnik System, Prickly Pawn Pass System	1. c4 g6 2. Nc3 Bg7 3. g3 Nf6 4. Bg2 O-O 5. e4 d6 6. Nge2 e5 7. O-O c6 8. d3 a6
A10	English Opening: Myers Defense	1. c4 g5
A10	English Opening: Myers Gambit	1. c4 g5 2. d4 Bg7
A10	English Opening: Porcupine Variation	1. c4 f5 2. Nc3 Nf6 3. e4 fxe4 4. g4
A10	English Opening: Wade Gambit	1. c4 f5 2. g4
A10	English Opening: Zilbermints Gambit	1. c4 g5 2. d4 e5
A11	English Opening: Caro-Kann Defensive System	1. c4 c6
A11	Réti Opening: Anglo-Slav Variation, Gurevich System	1. c4 c6 2. Nf3 d5 3. e3
A11	Réti Opening: Anglo-Slav Variation, Gurevich System	1. c4 c6 2. Nf3 d5 3. e3 Nf6 4. Qc2
A11	Réti Opening: Anglo-Slav Variation, Gurevich System	1. c4 c6 2. Nf3 d5 3. e3 Nf6 4. Nc3 Nbd7 5. Qc2
A11	Réti Opening: Anglo-Slav Variation, Gurevich System	1. c4 c6 2. Nf3 d5 3. e3 Nf6 4. Nc3 Nbd7 5. b3 e5
A11	Réti Opening: Anglo-Slav Variation, Gurevich System	1. c4 c6 2. Nf3 d5 3. e3 Nf6 4. Nc3 e6 5. b3 Bd6
A11	Réti Opening: Anglo-Slav Variation, with g3	1. c4 c6 2. Nf3 d5 3. g3 Nf6 4. b3 g6
A11	Réti Opening: Anglo-Slav Variation, with g3	1. c4 c6 2. Nf3 d5 3. g3 Nf6 4. Bg2
A11	Réti Opening: Anglo-Slav Variation, with g3	1. c4 c6 2. Nf3 d5 3. g3 Nf6 4. Bg2 Bf5 5. O-O e6 6. d3
A11	Réti Opening: Anglo-Slav Variation, with g3	1. Nf3 Nf6 2. g3 d5 3. Bg2 c6 4. O-O Bf5 5. d3 h6 6. c4 e6
A12	Réti Opening: Anglo-Slav Variation	1. c4 Nf6 2. g3 c6 3. Nf3 d5 4. b3
A12	Réti Opening: Anglo-Slav Variation, Bled Variation	1. Nf3 d5 2. b3 Nf6 3. Bb2 g6 4. c4 c6
A12	Réti Opening: Anglo-Slav Variation, Bogoljubow Variation	1. Nf3 d5 2. c4 c6 3. b3
A12	Réti Opening: Anglo-Slav Variation, Bogoljubow Variation	1. Nf3 d5 2. c4 c6 3. b3 Bg4
A12	Réti Opening: Anglo-Slav Variation, Bogoljubow Variation	1. Nf3 d5 2. c4 c6 3. b3 Bf5
A12	Réti Opening: Anglo-Slav Variation, Bogoljubow Variation	1. Nf3 d5 2. c4 c6 3. b3 Bf5 4. Bb2
A12	Réti Opening: Anglo-Slav Variation, Capablanca Variation	1. c4 Nf6 2. Nf3 c6 3. b3 d5 4. Bb2 Bg4
A12	Réti Opening: Anglo-Slav Variation, London Defensive System	1. c4 Nf6 2. g3 c6 3. Nf3 d5 4. b3 Bf5
A12	Réti Opening: Anglo-Slav Variation, New York System	1. Nf3 Nf6 2. c4 c6 3. b3 d5 4. Bb2 Bf5
A12	Réti Opening: Anglo-Slav Variation, Torre System	1. c4 Nf6 2. g3 c6 3. Nf3 d5 4. b3 Bg4
A12	Réti Opening: Anglo-Slav Variation, with dxc4	1. c4 Nf6 2. g3 c6 3. Nf3 d5 4. b3 dxc4
A13	English Opening: Agincourt Defense	1. c4 e6
A13	English Opening: Agincourt Defense	1. c4 e6 2. Nf3
A13	English Opening: Agincourt Defense	1. c4 e6 2. Nf3 d5
A13	English Opening: Agincourt Defense, Bogoljubow Defense	1. c4 e6 2. Nf3 d5 3. g3 Nf6 4. Bg2 Bd6
A13	English Opening: Agincourt Defense, Catalan Defense	1. c4 e6 2. Nf3 d5 3. g3 b6 4. Bg2 Bb7 5. O-O
A13	English Opening: Agincourt Defense, Catalan Defense	1. c4 e6 2. Nf3 d5 3. g3 c5
A13	English Opening: Agincourt Defense, Catalan Defense Accepted	1. c4 e6 2. Nf3 Nf6 3. g3 d5 4. Bg2 dxc4
A13	English Opening: Agincourt Defense, Catalan Defense, Semi-Slav Defense	1. c4 e6 2. Nf3 Nf6 3. g3 d5 4. Bg2 c6
A13	English Opening: Agincourt Defense, Kurajica Defense	1. c4 e6 2. Nf3 d5 3. g3 c6
A13	English Opening: Agincourt Defense, Tarrasch Defense	1. c4 e6 2. Nf3 d5 3. g3 Nf6 4. Bg2 c5 5. b3 Nc6 6. O-O Be7
A13	English Opening: Agincourt Defense, Wimpy System	1. c4 e6 2. Nf3 Nf6 3. b3 d5 4. Bb2 c5 5. e3
A13	English Opening: Neo-Catalan	1. c4 e6 2. Nf3 d5 3. g3 Nf6
A13	English Opening: Neo-Catalan Declined	1. c4 e6 2. Nf3 d5 3. g3 Nf6 4. Bg2 Be7
A13	English Opening: Romanishin Gambit	1. c4 Nf6 2. Nf3 e6 3. g3 a6 4. Bg2 b5
A14	English Opening: Agincourt Defense, Keres Defense	1. c4 e6 2. Nf3 d5 3. g3 Nf6 4. Bg2 Be7 5. O-O c5 6. cxd5 Nxd5 7. Nc3 Nc6
A14	English Opening: Agincourt Defense, Neo-Catalan Declined	1. c4 e6 2. Nf3 d5 3. g3 Nf6 4. Bg2 Be7 5. O-O
A14	English Opening: Agincourt Defense, Neo-Catalan Declined	1. c4 e6 2. Nf3 d5 3. g3 Nf6 4. Bg2 Be7 5. O-O O-O 6. b3
A14	English Opening: Agincourt Defense, Neo-Catalan Declined	1. Nf3 d5 2. g3 Nf6 3. Bg2 e6 4. O-O Be7 5. c4 O-O 6. b3 c5
A14	English Opening: Agincourt Defense, Neo-Catalan Declined	1. Nf3 d5 2. g3 Nf6 3. Bg2 e6 4. O-O Be7 5. c4 O-O 6. b3 c5 7. e3
A14	English Opening: Agincourt Defense, Neo-Catalan Declined	1. Nf3 d5 2. g3 Nf6 3. Bg2 e6 4. O-O Be7 5. c4 O-O 6. b3 c5 7. e3 d4
A14	English Opening: Agincourt Defense, Neo-Catalan Declined	1. Nf3 d5 2. g3 Nf6 3. Bg2 e6 4. O-O Be7 5. c4 O-O 6. b3 c5 7. e3 Nc6
A14	English Opening: Agincourt Defense, Neo-Catalan Declined, Early b3	1. c4 e6 2. Nf3 d5 3. g3 Nf6 4. Bg2 Be7 5. b3
A14	English Opening: Agincourt Defense, Neo-Catalan Declined, Early b3	1. c4 e6 2. Nf3 d5 3. g3 Nf6 4. Bg2 Be7 5. b3 b6
A14	English Opening: Agincourt Defense, Neo-Catalan Declined, Early b3	1. c4 e6 2. Nf3 d5 3. g3 Nf6 4. Bg2 Be7 5. b3 c5
A14	Réti Opening: Anglo-Slav Variation	1. Nf3 d5 2. c4 c6 3. g3 Nf6 4. Bg2 e6 5. b3 Be7 6. Bb2
A14	Réti Opening: Anglo-Slav Variation, Bogoljubow Variation, Stonewall Line	1. Nf3 d5 2. c4 e6 3. g3 Nf6 4. Bg2 Be7 5. O-O O-O 6. b3 c6 7. Bb2
A15	English Opening: Anglo-Indian Defense	1. c4 Nf6
A15	English Opening: Anglo-Indian Defense, Anti-Anti-Grünfeld	1. c4 Nf6 2. Nc3 g6 3. Nf3 Bg7 4. e4
A15	English Opening: Anglo-Indian Defense, Grünfeld Formation	1. c4 Nf6 2. Nf3 g6 3. g3 d5
A15	English Opening: Anglo-Indian Defense, King's Indian Formation	1. c4 Nf6 2. Nf3 g6
A15	English Opening: Anglo-Indian Defense, King's Indian Formation, Double Fianchetto	1. c4 Nf6 2. Nf3 g6 3. g3 b6 4. Bg2 Bb7
A15	English Opening: Anglo-Indian Defense, King's Knight Variation	1. c4 Nf6 2. Nf3
A15	English Opening: Anglo-Indian Defense, Old Indian Formation	1. c4 Nf6 2. Nf3 d6
A15	English Opening: Anglo-Indian Defense, Queen's Indian Formation	1. c4 Nf6 2. Nf3 b6
A15	English Opening: Anglo-Indian Defense, Queen's Indian Formation	1. c4 e6 2. Nf3 Nf6 3. g3 b6 4. Bg2 Bb7
A15	English Opening: Anglo-Indian Defense, Romanishin Variation	1. c4 e6 2. Nf3 Nf6 3. g3 a6
A15	English Opening: Anglo-Indian Defense, Scandinavian Defense	1. c4 Nf6 2. Nf3 d5
A15	English Opening: Anglo-Indian Defense, Scandinavian Defense, Exchange Variation	1. c4 Nf6 2. Nf3 d5 3. cxd5 Nxd5
A15	English Opening: Anglo-Indian Defense, Slav Formation	1. c4 Nf6 2. Nf3 g6 3. g3 c6
A15	English Orangutan	1. c4 Nf6 2. b4
A16	English Opening: Anglo-Grünfeld Defense	1. c4 Nf6 2. Nc3 d5
A16	English Opening: Anglo-Grünfeld Defense, Korchnoi Variation	1. c4 Nf6 2. Nc3 d5 3. cxd5 Nxd5 4. Nf3 g6 5. g3 Bg7 6. Bg2 e5
A16	English Opening: Anglo-Indian Defense, Anglo-Grünfeld Variation	1. c4 Nf6 2. Nc3 d5 3. cxd5 Nxd5 4. Nf3
A16	English Opening: Anglo-Indian Defense, Anglo-Grünfeld Variation	1. c4 Nf6 2. Nc3 d5 3. cxd5 Nxd5 4. Nf3 g6
A16	English Opening: Anglo-Indian Defense, Anglo-Grünfeld Variation	1. c4 Nf6 2. Nc3 d5 3. cxd5 Nxd5 4. g3 g6 5. Bg2 Nb6
A16	English Opening: Anglo-Indian Defense, Anglo-Grünfeld Variation	1. c4 Nf6 2. Nc3 d5 3. cxd5 Nxd5 4. g3 g6 5. Bg2 Nxc3
A16	English Opening: Anglo-Indian Defense, Queen's Knight Variation	1. c4 Nf6 2. Nc3
A17	English Opening: Anglo-Indian Defense	1. c4 Nf6 2. Nc3 d5 3. cxd5 Nxd5 4. Nf3 c5 5. e3 e6
A17	English Opening: Anglo-Indian Defense, Hedgehog System	1. c4 Nf6 2. Nc3 e6
A17	English Opening: Anglo-Indian Defense, Nimzo-English	1. c4 Nf6 2. Nc3 e6 3. Nf3 Bb4
A17	English Opening: Anglo-Indian Defense, Queen's Indian Formation	1. c4 e6 2. Nc3 Nf6 3. Nf3 b6
A17	English Opening: Anglo-Indian Defense, Queen's Indian Variation	1. c4 e6 2. Nc3 Nf6 3. Nf3 b6 4. e4 Bb7 5. Bd3
A17	English Opening: Anglo-Indian Defense, Zvjaginsev-Krasenkow Attack	1. c4 e6 2. Nc3 Nf6 3. Nf3 Bb4 4. g4
A18	English Opening: Mikenas-Carls Variation	1. c4 e6 2. Nc3 Nf6 3. e4
A18	English Opening: Mikenas-Carls Variation	1. c4 e6 2. Nc3 Nf6 3. e4 Nc6
A18	English Opening: Mikenas-Carls Variation	1. c4 e6 2. Nc3 Nf6 3. e4 d5 4. e5
A19	English Opening: Anglo-Indian Defense, Flohr-Mikenas-Carls Variation, Nei Gambit	1. c4 e6 2. Nc3 Nf6 3. e4 c5 4. e5 Ng8
A19	English Opening: Mikenas-Carls, Sicilian	1. c4 e6 2. Nc3 Nf6 3. e4 c5
A20	English Opening: Drill Variation	1. c4 e5 2. g3 h5
A20	English Opening: King's English Variation	1. c4 e5
A20	English Opening: King's English Variation, Kahiko-Hula Gambit	1. c4 e5 2. e3 Nf6 3. f4 exf4 4. Nf3
A20	English Opening: King's English Variation, Nimzowitsch Variation	1. c4 e5 2. Nf3
A20	English Opening: King's English Variation, Nimzowitsch-Flohr Variation	1. c4 e5 2. Nf3 e4
A21	English Opening: King's English Variation	1. c4 e5 2. Nc3 d6 3. Nf3
A21	English Opening: King's English Variation, Keres Defense	1. c4 e5 2. Nc3 d6 3. g3 c6
A21	English Opening: King's English Variation, Kramnik-Shirov Counterattack	1. c4 e5 2. Nc3 Bb4
A21	English Opening: King's English Variation, Reversed Sicilian	1. c4 e5 2. Nc3
A21	English Opening: King's English Variation, Smyslov Defense	1. c4 e5 2. Nc3 d6 3. Nf3 Bg4
A21	English Opening: King's English Variation, Troger Defense	1. c4 e5 2. Nc3 Nc6 3. g3 d6 4. Bg2 Be6
A22	English Opening: Carls-Bremen System	1. c4 e5 2. Nc3 Nf6 3. g3
A22	English Opening: King's English Variation, Adhiban Gambit	1. c4 e5 2. Nc3 Nf6 3. Nf3 e4 4. Ng5 c6
A22	English Opening: King's English Variation, Bellon Gambit	1. c4 e5 2. Nc3 Nf6 3. Nf3 e4 4. Ng5 b5
A22	English Opening: King's English Variation, Two Knights Variation	1. c4 e5 2. Nc3 Nf6
A22	English Opening: King's English Variation, Two Knights Variation, Reversed Dragon	1. c4 e5 2. Nc3 Nf6 3. g3 d5
A22	English Opening: King's English Variation, Two Knights Variation, Smyslov System	1. c4 e5 2. Nc3 Nf6 3. g3 Bb4
A22	English Opening: King's English, Erbenheimer Gambit	1. c4 e5 2. Nc3 Nf6 3. Nf3 e4 4. Ng5 Ng4
A22	English Opening: King's English, Mazedonisch	1. c4 e5 2. Nc3 Nf6 3. f4
A23	English Opening: King's English Variation, Two Knights Variation, Keres Variation	1. c4 e5 2. Nc3 Nf6 3. g3 c6
A23	English Opening: King's English Variation, Two Knights Variation, Keres Variation	1. c4 e5 2. Nc3 Nf6 3. g3 Bc5 4. Bg2 c6
A24	English Opening: King's English Variation, Two Knights Variation, Fianchetto Line	1. c4 e5 2. Nc3 Nf6 3. g3 g6
A25	English Opening: Closed, Taimanov Variation	1. c4 e5 2. Nc3 Nc6 3. g3 g6 4. Rb1 Nh6 5. Bg2 Bg7
A25	English Opening: Closed, Taimanov Variation	1. c4 e5 2. Nc3 Nc6 3. g3 g6 4. Bg2 Bg7 5. e3 d6 6. Nge2 Nh6
A25	English Opening: King's English Variation, Bremen-Hort Variation	1. c4 e5 2. Nc3 Nc6 3. g3 g6 4. Bg2 Bg7 5. e3 d6 6. Nge2 Be6
A25	English Opening: King's English Variation, Closed System	1. c4 e5 2. Nc3 Nc6 3. g3 g6 4. Bg2 Bg7 5. d3
A25	English Opening: King's English Variation, Hungarian Attack	1. c4 e5 2. Nc3 Nc6 3. g3 g6 4. Bg2 Bg7 5. Rb1
A25	English Opening: King's English Variation, Reversed Closed Sicilian	1. c4 e5 2. Nc3 Nc6
A25	English Opening: King's English Variation, Taimanov Variation	1. c4 e5 2. Nc3 Nc6 3. g3 g6 4. Bg2 Bg7
A26	English Opening: King's English Variation, Botvinnik System	1. c4 e5 2. Nc3 Nc6 3. g3 g6 4. Bg2 Bg7 5. d3 d6 6. e4
A26	English Opening: King's English Variation, Closed System, Full Symmetry	1. c4 e5 2. Nc3 Nc6 3. g3 g6 4. Bg2 Bg7 5. d3 d6
A27	English Opening: King's English Variation, Three Knights System	1. c4 e5 2. Nc3 Nc6 3. Nf3
A28	English Opening: Four Knights System, Nimzowitsch Variation	1. c4 e5 2. Nc3 Nf6 3. Nf3 Nc6 4. e4
A28	English Opening: King's English Variation, Four Knights Variation	1. c4 e5 2. Nc3 Nf6 3. Nf3 Nc6
A28	English Opening: King's English Variation, Four Knights Variation	1. c4 e5 2. Nc3 Nf6 3. Nf3 Nc6 4. d4 exd4 5. Nxd4 Bb4 6. Bg5 h6 7. Bh4 Bxc3+ 8. bxc3 Ne5
A28	English Opening: King's English Variation, Four Knights Variation, Bradley Beach Variation	1. c4 e5 2. Nc3 Nf6 3. Nf3 Nc6 4. d4 e4
A28	English Opening: King's English Variation, Four Knights Variation, Flexible Line	1. c4 e5 2. Nc3 Nf6 3. Nf3 Nc6 4. d3
A28	English Opening: King's English Variation, Four Knights Variation, Korchnoi Line	1. c4 e5 2. Nc3 Nf6 3. Nf3 Nc6 4. a3
A28	English Opening: King's English Variation, Four Knights Variation, Quiet Line	1. c4 e5 2. Nc3 Nf6 3. Nf3 Nc6 4. e3
A28	English Opening: King's English Variation, Four Knights Variation, Quiet Line	1. c4 e5 2. Nc3 Nf6 3. Nf3 Nc6 4. e3 Bb4 5. Qc2 Bxc3
A28	English Opening: King's English Variation, Four Knights Variation, Quiet Line	1. c4 e5 2. Nc3 Nf6 3. Nf3 Nc6 4. e3 Bb4 5. Qc2 O-O 6. Nd5 Re8 7. Qf5
A29	English Opening: King's English Variation, Four Knights Variation, Fianchetto Line	1. c4 e5 2. Nc3 Nf6 3. Nf3 Nc6 4. g3
A29	English Opening: King's English Variation, Four Knights Variation, Fianchetto Line	1. c4 e5 2. g3 Nf6 3. Bg2 d5 4. cxd5 Nxd5 5. Nf3 Nc6
A29	English Opening: King's English Variation, Four Knights Variation, Fianchetto Line	1. c4 e5 2. g3 Nf6 3. Bg2 d5 4. cxd5 Nxd5 5. Nf3 Nc6 6. d3
A29	English Opening: King's English Variation, Four Knights Variation, Fianchetto Line	1. c4 e5 2. g3 Nf6 3. Bg2 d5 4. cxd5 Nxd5 5. Nf3 Nc6 6. d3 Be7 7. O-O O-O
A29	English Opening: King's English Variation, Four Knights Variation, Fianchetto Line, Delayed .. Nc6	1. c4 e5 2. Nc3 Nf6 3. g3 Bb4 4. Bg2 O-O 5. Nf3 Re8 6. O-O e4 7. Nd4 Nc6
A29	English Opening: King's English Variation, Four Knights Variation, Fianchetto Line, with .. d6	1. c4 e5 2. Nc3 Nf6 3. Nf3 Nc6 4. g3 Bc5 5. d3 d6 6. Bg2
A29	English Opening: King's English Variation, Four Knights Variation, Fianchetto Line, with .. d6	1. c4 e5 2. Nc3 Nf6 3. Nf3 Nc6 4. g3 Bc5 5. d3 d6 6. Bg2 O-O 7. O-O
A29	English Opening: King's English Variation, Four Knights Variation, Fianchetto Line, with .. d6, Be7	1. c4 e5 2. Nc3 Nf6 3. g3 Nc6 4. Bg2 d6 5. d3 Be7 6. Nf3 O-O
A29	English Opening: King's English Variation, Four Knights Variation, Fianchetto Line, with .. d6, a6	1. c4 e5 2. Nc3 Nf6 3. Nf3 Nc6 4. g3 Bc5 5. d3 d6 6. Bg2 a6
A29	English Opening: King's English Variation, Four Knights Variation, Fianchetto Line, with .. d6, h6	1. c4 e5 2. Nc3 Nf6 3. Nf3 Nc6 4. g3 Bc5 5. d3 d6 6. Bg2 h6
A29	English Opening: King's English Variation, Four Knights Variation, Fianchetto Line, with Bc5	1. c4 e5 2. Nc3 Nf6 3. Nf3 Nc6 4. g3 d5 5. cxd5 Nxd5 6. Bg2 Bc5
A29	English Opening: King's English Variation, Four Knights Variation, Fianchetto Line, with Nb6	1. c4 e5 2. Nc3 Nf6 3. Nf3 Nc6 4. g3 d5 5. cxd5 Nxd5 6. Bg2 Nb6
A30	English Opening: Symmetrical Variation	1. c4 c5
A30	English Opening: Symmetrical Variation	1. c4 c5 2. Nf3
A30	English Opening: Symmetrical Variation, Hedgehog Defense	1. c4 e6 2. Nf3 Nf6 3. Nc3 c5 4. g3 b6 5. Bg2 Bb7 6. O-O Be7
A30	English Opening: Symmetrical Variation, Napolitano Gambit	1. c4 c5 2. Nf3 Nf6 3. b4
A30	English Opening: Symmetrical, Hedgehog, Flexible Formation	1. c4 e6 2. Nf3 c5 3. Nc3 Nf6 4. g3 b6 5. Bg2 Bb7 6. O-O Be7 7. d4 cxd4 8. Qxd4 d6 9. Rd1 a6 10. b3 Nbd7
A30	English Opening: Wing Gambit	1. c4 c5 2. b4
A31	English Opening: Symmetrical Variation, Anti-Benoni Variation	1. c4 Nf6 2. d4 c5 3. Nf3
A32	English Opening: Symmetrical Variation, Anti-Benoni Variation, Spielmann Defense	1. c4 e6 2. d4 c5 3. Nf3 cxd4 4. Nxd4 Nf6
A33	English Opening: Symmetrical Variation, Anti-Benoni Variation, Geller Variation	1. c4 e6 2. Nf3 Nf6 3. Nc3 c5 4. d4 Nc6 5. g3 cxd4 6. Nxd4 Qb6
A33	English Opening: Symmetrical Variation, Anti-Benoni Variation, Spielmann Defense	1. c4 e6 2. Nf3 Nf6 3. Nc3 c5 4. d4 cxd4 5. Nxd4 Nc6
A34	English Opening: Symmetrical Variation	1. c4 c5 2. Nf3 Nf6 3. Nc3 Nc6 4. g3 d5 5. d4 cxd4
A34	English Opening: Symmetrical Variation, Fianchetto Variation	1. c4 Nf6 2. Nc3 c5 3. g3
A34	English Opening: Symmetrical Variation, Normal Variation	1. c4 c5 2. Nc3
A34	English Opening: Symmetrical Variation, Rubinstein Variation	1. c4 Nf6 2. Nc3 c5 3. g3 d5 4. cxd5 Nxd5 5. Bg2 Nc7
A34	English Opening: Symmetrical Variation, Rubinstein Variation	1. c4 c5 2. Nf3 Nf6 3. Nc3 d5 4. cxd5 Nxd5 5. g3 Nc6 6. Bg2 Nc7
A34	English Opening: Symmetrical Variation, Three Knights Variation	1. c4 c5 2. Nc3 Nf6 3. Nf3
A35	English Opening: Symmetrical Variation	1. c4 c5 2. Nc3 Nf6 3. Nf3 e5
A35	English Opening: Symmetrical Variation, Four Knights Variation	1. c4 Nf6 2. Nf3 c5 3. Nc3 Nc6
A35	English Opening: Symmetrical Variation, Two Knights Variation	1. c4 c5 2. Nc3 Nc6
A36	English Opening: Symmetrical Variation, Botvinnik System	1. c4 c5 2. e4 Nc6 3. Nc3 g6 4. g3 Bg7 5. Bg2
A36	English Opening: Symmetrical Variation, Botvinnik System Reversed, with e3	1. c4 c5 2. Nc3 Nc6 3. g3 g6 4. Bg2 Bg7 5. e3 e5
A36	English Opening: Symmetrical Variation, Two Knights, Fianchetto Variation	1. c4 c5 2. Nc3 Nc6 3. g3
A36	English Opening: Symmetrical Variation, Ultra-Symmetrical Variation	1. c4 c5 2. g3 g6 3. Bg2 Bg7 4. Nc3 Nc6
A37	English Opening: Symmetrical Variation, Botvinnik System Reversed, with Nf3	1. c4 c5 2. Nc3 Nc6 3. g3 g6 4. Bg2 Bg7 5. Nf3 e5
A37	English Opening: Symmetrical Variation, Three Knights, Fianchetto Variation	1. c4 c5 2. Nc3 Nc6 3. g3 g6 4. Bg2 Bg7 5. Nf3
A38	English Opening: Symmetrical Variation, Double Fianchetto	1. c4 c5 2. Nc3 Nc6 3. g3 g6 4. Bg2 Bg7 5. Nf3 Nf6 6. O-O O-O 7. b3
A38	English Opening: Symmetrical Variation, Duchamp Variation	1. c4 Nf6 2. Nf3 g6 3. g3 Bg7 4. Bg2 O-O 5. O-O c5 6. Nc3 Nc6 7. d3
A38	English Opening: Symmetrical Variation, Full Symmetry Line	1. c4 Nf6 2. Nf3 c5 3. Nc3 Nc6 4. g3 g6 5. Bg2 Bg7
A39	English Opening: Symmetrical Variation, Mecking Variation	1. c4 Nf6 2. Nf3 c5 3. Nc3 Nc6 4. g3 g6 5. Bg2 Bg7 6. O-O O-O 7. d4
A40	Australian Defense	1. d4 Na6
A40	Benoni Defense: Franco-Sicilian Hybrid	1. d4 e6 2. c4 c5 3. d5 exd5 4. cxd5 d6 5. Nc3 g6 6. e4 Bg7 7. Nf3 Ne7
A40	Borg Defense: Borg Gambit	1. d4 g5
A40	Colle System: Pterodactyl Variation	1. d4 g6 2. Nf3 Bg7 3. e3 c5 4. Bd3 Qa5+
A40	Colle System: Siroccopteryx Variation	1. d4 g6 2. Nf3 Bg7 3. e3 c5 4. Bd3 cxd4 5. Nxd4 Qa5+
A40	English Defense	1. d4 b6
A40	English Defense	1. d4 e6 2. c4 b6
A40	English Defense: Eastbourne Gambit	1. d4 b6 2. c4 Bb7 3. Nc3 e5
A40	English Defense: Hartlaub Gambit Accepted	1. c4 e6 2. d4 b6 3. Nc3 Bb7 4. e4 f5 5. exf5 Nf6
A40	English Defense: Hartlaub Gambit Declined	1. c4 e6 2. d4 b6 3. Nc3 Bb7 4. e4 f5 5. d5
A40	English Defense: Perrin Variation	1. d4 e6 2. c4 b6 3. e4 Bb7 4. Bd3 Nc6
A40	English Defense: Poli Gambit	1. d4 e6 2. c4 b6 3. e4 Bb7 4. f3 f5 5. exf5 Nh6
A40	Englund Gambit	1. d4 e5
A40	Englund Gambit Declined	1. d4 e5 2. d5
A40	Englund Gambit Declined: Diemer Counterattack	1. d4 e5 2. d5 Bc5 3. e4 Qh4
A40	Englund Gambit Declined: Reversed Alekhine	1. d4 e5 2. Nf3
A40	Englund Gambit Declined: Reversed Brooklyn	1. d4 e5 2. Nf3 e4 3. Ng1
A40	Englund Gambit Declined: Reversed French	1. d4 e5 2. e3
A40	Englund Gambit Declined: Reversed Krebs	1. d4 e5 2. Nf3 e4
A40	Englund Gambit Declined: Reversed Mokele Mbembe	1. d4 e5 2. Nf3 e4 3. Ne5
A40	Englund Gambit: Felbecker Gambit	1. d4 e5 2. dxe5 Nc6 3. Nf3 Bc5
A40	Englund Gambit: Hartlaub-Charlick Gambit	1. d4 e5 2. dxe5 d6
A40	Englund Gambit: Main Line	1. d4 e5 2. dxe5 Nc6 3. Nf3 Qe7
A40	Englund Gambit: Mosquito Gambit	1. d4 e5 2. dxe5 Qh4
A40	Englund Gambit: Soller Gambit	1. d4 e5 2. dxe5 f6
A40	Englund Gambit: Soller Gambit Deferred	1. d4 e5 2. dxe5 Nc6 3. Nf3 f6
A40	Englund Gambit: Stockholm Variation	1. d4 e5 2. dxe5 Nc6 3. Nf3 Qe7 4. Qd5
A40	Englund Gambit: Zilbermints Gambit	1. d4 e5 2. dxe5 Nc6 3. Nf3 Nge7
A40	Horwitz Defense	1. d4 e6
A40	Horwitz Defense: Zilbermints Gambit	1. d4 e6 2. c4 e5
A40	Kangaroo Defense	1. d4 e6 2. c4 Bb4+
A40	Kangaroo Defense: Keres Defense, Transpositional Variation	1. d4 e6 2. c4 Bb4+ 3. Nc3
A40	Mikenas Defense	1. d4 Nc6
A40	Mikenas Defense: Cannstatter Variation	1. d4 Nc6 2. c4 e5 3. d5 Nd4
A40	Mikenas Defense: Lithuanian Variation	1. d4 Nc6 2. c4 e5 3. d5 Nce7
A40	Mikenas Defense: Pozarek Gambit	1. d4 Nc6 2. c4 e5 3. dxe5 Nxe5 4. Nc3 Nxc4
A40	Modern Defense: Beefeater Variation	1. d4 g6 2. c4 Bg7 3. Nc3 c5 4. d5 Bxc3+ 5. bxc3 f5
A40	Modern Defense: Lizard Defense, Pirc-Diemer Gambit	1. d4 g6 2. h4 Nf6 3. h5
A40	Montevideo Defense	1. d4 Nc6 2. d5 Nb8
A40	Polish Defense	1. d4 b5
A40	Polish Defense: Spassky Gambit Accepted	1. d4 b5 2. e4 Bb7 3. Bxb5
A40	Pterodactyl Defense: Central, Benoni Beefeater Pterodactyl	1. d4 g6 2. c4 Bg7 3. Nc3 c5 4. d5 d6 5. e4 Bxc3+ 6. bxc3 Qa5
A40	Pterodactyl Defense: Central, Benoni Pterodactyl	1. d4 g6 2. c4 Bg7 3. e4 c5 4. d5 Qa5+
A40	Pterodactyl Defense: Fianchetto, Queen Benoni Pterodactyl	1. d4 g6 2. c4 Bg7 3. Nc3 c5 4. d5 Qa5
A40	Pterodactyl Defense: Fianchetto, Queen Pteranodon	1. d4 g6 2. c4 Bg7 3. Nc3 c5 4. d5 Bxc3+ 5. bxc3 Qa5
A40	Pterodactyl Defense: Fianchetto, Queen Pterodactyl	1. d4 g6 2. Nf3 Bg7 3. g3 c5 4. Bg2 Qa5+
A40	Pterodactyl Defense: Queen Pterodactyl, Quiet Line	1. d4 g6 2. c4 Bg7 3. Nc3 c5 4. e3
A40	Queen's Pawn Game	1. d4
A40	Queen's Pawn Game: Anglo-Slav Opening	1. d4 c6 2. c4 d6
A40	Queen's Pawn Game: Modern Defense	1. d4 g6
A40	Slav Indian: Kudischewitsch Gambit	1. d4 c6 2. Nf3 Nf6 3. c4 b5
A40	Zaire Defense	1. d4 Nc6 2. d5 Nb8 3. e4 Nf6 4. e5 Ng8
A41	Modern Defense	1. d4 g6 2. c4 Bg7 3. Nc3 d6
A41	Modern Defense: Neo-Modern Defense	1. d4 g6 2. c4 Bg7 3. e4 e5
A41	Old Indian Defense	1. d4 d6 2. c4
A41	Queen's Pawn Game	1. d4 d6
A41	Rat Defense: English Rat	1. d4 d6 2. c4 e5
A41	Rat Defense: English Rat, Lisbon Gambit	1. d4 d6 2. c4 e5 3. dxe5 Nc6
A41	Rat Defense: English Rat, Pounds Gambit	1. d4 d6 2. c4 e5 3. dxe5 Be6
A41	Robatsch Defense	1. d4 d6 2. Nf3 g6 3. c4 Bg7 4. e4 Bg4
A41	Wade Defense	1. d4 d6 2. Nf3 Bg4
A41	Zukertort Opening: Wade Defense, Chigorin Plan	1. d4 d6 2. Nf3 Bg4 3. c4 Nd7 4. Qb3 Rb8
A42	Modern Defense: Averbakh System	1. d4 g6 2. c4 Bg7 3. Nc3 d6 4. e4
A42	Modern Defense: Averbakh Variation, Pseudo-Sämisch	1. d4 g6 2. c4 Bg7 3. e4 d6 4. Be3 Nf6 5. f3
A42	Modern Defense: Kotov Variation	1. d4 g6 2. c4 Bg7 3. Nc3 d6 4. e4 Nc6
A42	Modern Defense: Randspringer Variation	1. d4 g6 2. c4 Bg7 3. Nc3 d6 4. e4 f5
A42	Pterodactyl Defense	1. Nf3 c5 2. c4 g6 3. d4 Bg7 4. e4 Qa5+ 5. Nc3 d6
A42	Pterodactyl Defense: Central, Bogolubovia	1. d4 g6 2. c4 Bg7 3. e4 d6 4. Nc3 c5 5. Nge2 Qa5
A43	Benoni Defense: Benoni Gambit Accepted	1. d4 c5 2. dxc5
A43	Benoni Defense: Benoni Gambit, Schlenker Defense	1. d4 c5 2. dxc5 Na6
A43	Benoni Defense: Benoni-Indian Defense	1. d4 c5 2. d5 Nf6
A43	Benoni Defense: Benoni-Indian Defense, Kingside Move Order	1. d4 c5 2. d5 Nf6 3. Nf3
A43	Benoni Defense: Benoni-Staunton Gambit	1. d4 c5 2. d5 f5 3. e4
A43	Benoni Defense: Cormorant Gambit	1. d4 c5 2. dxc5 b6
A43	Benoni Defense: French Benoni	1. e4 e6 2. d4 c5 3. d5
A43	Benoni Defense: Hawk Variation	1. d4 Nf6 2. Nf3 c5 3. d5 c4
A43	Benoni Defense: Old Benoni	1. d4 c5
A43	Benoni Defense: Old Benoni	1. d4 c5 2. d5
A43	Benoni Defense: Old Benoni	1. d4 c5 2. d5 d6
A43	Benoni Defense: Old Benoni, Mujannah Formation	1. d4 c5 2. d5 f5
A43	Benoni Defense: Old Benoni, Schmid Variation	1. d4 c5 2. d5 d6 3. Nc3 g6
A43	Benoni Defense: Snail Variation	1. d4 c5 2. d5 Na6
A43	Benoni Defense: Woozle	1. d4 c5 2. d5 Nf6 3. Nc3 Qa5
A43	Benoni Defense: Zilbermints-Benoni Gambit	1. d4 c5 2. b4
A43	Benoni Defense: Zilbermints-Benoni Gambit	1. d4 c5 2. Nf3 cxd4 3. b4
A43	Benoni Defense: Zilbermints-Benoni Gambit, Tamarkin Countergambit	1. d4 c5 2. Nf3 cxd4 3. b4 e5
A43	Indian Defense: Pseudo-Benko	1. d4 Nf6 2. Nf3 c5 3. d5 b5
A43	Queen's Pawn Game: Liedmann Gambit	1. d4 c5 2. c4 cxd4 3. e3
A44	Benoni Defense: Old Benoni	1. d4 c5 2. d5 e5
A44	Benoni Defense: Semi-Benoni	1. d4 c5 2. d5 e5 3. e4 d6
A45	Amazon Attack: Siberian Attack	1. d4 Nf6 2. Nc3 d5 3. Qd3
A45	Canard Opening	1. d4 Nf6 2. f4
A45	Indian Defense	1. d4 Nf6
A45	Indian Defense: Gedult Attack	1. d4 Nf6 2. f3 d5 3. g4
A45	Indian Defense: Gibbins-Weidenhagen Gambit	1. d4 Nf6 2. g4
A45	Indian Defense: Gibbins-Weidenhagen Gambit Accepted	1. d4 Nf6 2. g4 Nxg4
A45	Indian Defense: Gibbins-Weidenhagen Gambit, Maltese Falcon	1. d4 Nf6 2. g4 Nxg4 3. f3 Nf6 4. e4
A45	Indian Defense: Gibbins-Weidenhagen Gambit, Oshima Defense	1. d4 Nf6 2. g4 e5
A45	Indian Defense: Gibbins-Weidenhagen Gambit, Stummer Gambit	1. d4 Nf6 2. g4 Nxg4 3. e4 d6 4. Be2 Nf6 5. Nc3
A45	Indian Defense: Lazard Gambit	1. d4 Nf6 2. Nd2 e5
A45	Indian Defense: Maddigan Gambit	1. d4 Nf6 2. Nc3 e5
A45	Indian Defense: Omega Gambit	1. d4 Nf6 2. e4
A45	Indian Defense: Omega Gambit, Arafat Gambit	1. d4 Nf6 2. e4 Nxe4 3. Bd3 Nf6 4. Bg5
A45	Indian Defense: Paleface Attack, Blackmar-Diemer Gambit Deferred	1. d4 Nf6 2. f3 d5 3. e4
A45	Indian Defense: Pawn Push Variation	1. d4 Nf6 2. d5
A45	Indian Defense: Reversed Chigorin Defense	1. d4 Nf6 2. Nc3 c5
A45	Indian Defense: Tartakower Attack	1. d4 Nf6 2. g3
A45	Paleface Attack	1. d4 Nf6 2. f3
A45	Queen's Pawn Game: Chigorin Variation	1. d4 Nf6 2. Nc3 d5
A45	Queen's Pawn Game: Veresov, Richter Attack	1. d4 Nf6 2. f3 d5 3. Nc3
A45	Trompowsky Attack	1. d4 Nf6 2. Bg5
A45	Trompowsky Attack: Borg Variation	1. d4 Nf6 2. Bg5 Ne4 3. Bf4 g5
A45	Trompowsky Attack: Classical Defense	1. d4 Nf6 2. Bg5 e6
A45	Trompowsky Attack: Classical Defense, Big Center Variation	1. d4 Nf6 2. Bg5 e6 3. e4
A45	Trompowsky Attack: Edge Variation	1. d4 Nf6 2. Bg5 Ne4 3. Bh4
A45	Trompowsky Attack: Edge Variation, Hergert Gambit	1. d4 Nf6 2. Bg5 Ne4 3. Bh4 c6 4. Nd2 Qa5 5. c3 Nxd2 6. Qxd2 d5 7. e4
A45	Trompowsky Attack: Edge Variation, Hergert Gambit	1. d4 Nf6 2. Bg5 Ne4 3. Bh4 d5 4. f3 Nf6 5. Nc3 Bf5 6. e4
A45	Trompowsky Attack: Poisoned Pawn Variation	1. d4 Nf6 2. Bg5 c5 3. d5 Qb6 4. Nc3
A45	Trompowsky Attack: Raptor Variation	1. d4 Nf6 2. Bg5 Ne4 3. h4
A45	Trompowsky Attack: Raptor Variation, Hergert Gambit	1. d4 Nf6 2. Bg5 Ne4 3. h4 Nxg5 4. hxg5 e5
A46	Döry Defense	1. d4 Nf6 2. Nf3 Ne4
A46	Indian Defense: Czech-Indian	1. d4 Nf6 2. Nf3 c6
A46	Indian Defense: Knights Variation	1. d4 Nf6 2. Nf3
A46	Indian Defense: Knights Variation, Alburt-Miles Variation	1. d4 Nf6 2. Nf3 a6
A46	Indian Defense: London System	1. d4 Nf6 2. Nf3 e6 3. Bf4
A46	Indian Defense: Polish Variation	1. d4 Nf6 2. Nf3 b5
A46	Indian Defense: Spielmann-Indian	1. d4 Nf6 2. Nf3 c5
A46	Indian Defense: Wade-Tartakower Defense	1. d4 Nf6 2. Nf3 d6
A46	Queen's Pawn Game: Torre Attack, Breyer Variation	1. d4 Nf6 2. Nf3 e6 3. Bg5 d5 4. e3 c5 5. c3 Qb6
A46	Queen's Pawn Game: Veresov Attack, Classical Defense	1. d4 Nf6 2. Nf3 e6 3. Nc3 d5 4. Bg5
A46	Torre Attack: Classical Defense	1. d4 Nf6 2. Nf3 e6 3. Bg5
A46	Torre Attack: Classical Defense, Nimzowitsch Variation	1. d4 Nf6 2. Nf3 e6 3. Bg5 h6
A46	Torre Attack: Classical Defense, Petrosian Gambit	1. d4 Nf6 2. Nf3 e6 3. Bg5 c5 4. e3 b6 5. d5
A46	Torre Attack: Wagner Gambit	1. d4 Nf6 2. Nf3 e6 3. Bg5 c5 4. e4
A46	Yusupov-Rubinstein System	1. d4 Nf6 2. Nf3 e6 3. e3
A47	Indian Defense: Schnepper Gambit	1. d4 Nf6 2. Nf3 b6 3. c3 e5
A47	Marienbad System	1. d4 Nf6 2. Nf3 b6 3. g3 Bb7 4. Bg2 c5
A47	Marienbad System: Berg Variation	1. d4 Nf6 2. Nf3 b6 3. g3 Bb7 4. Bg2 c5 5. c4 cxd4 6. Qxd4
A47	Pseudo Queen's Indian Defense	1. d4 Nf6 2. Nf3 b6
A48	East Indian Defense	1. d4 Nf6 2. Nf3 g6
A48	Indian Defense: Colle System, King's Indian Variation	1. d4 Nf6 2. Nf3 g6 3. e3 Bg7 4. Bd3 d6
A48	London System	1. d4 Nf6 2. Nf3 g6 3. Bf4
A48	London System	1. d4 Nf6 2. Nf3 g6 3. Bf4 Bg7 4. e3 d6
A48	London System, with Bd3	1. d4 Nf6 2. Nf3 g6 3. Bf4 Bg7 4. e3 d6 5. Bd3
A48	London System, with Be2	1. d4 Nf6 2. Nf3 g6 3. Bf4 Bg7 4. e3 d6 5. Be2
A48	London System, with Be2	1. d4 Nf6 2. Nf3 g6 3. Bf4 Bg7 4. e3 d6 5. Be2 O-O
A48	London System, with Be2	1. d4 Nf6 2. Nf3 g6 3. Bf4 Bg7 4. e3 d6 5. h3 c5 6. Be2
A48	Queen's Pawn Game: Barry Attack	1. d4 Nf6 2. Nf3 g6 3. Nc3 d5 4. Bf4
A48	Queen's Pawn Game: Barry Attack	1. d4 Nf6 2. Nf3 g6 3. Nc3 d5 4. Bf4 Bg7
A48	Queen's Pawn Game: Barry Attack, Grünfeld Variation	1. d4 Nf6 2. Nf3 g6 3. Nc3 d5 4. Bf4 Bg7 5. e3 O-O 6. Be2
A48	Queen's Pawn Game: Barry Attack, Tarzan Attack	1. d4 Nf6 2. Nf3 g6 3. Nc3 d5 4. Bf4 Bg7 5. Qd2
A48	Queen's Pawn Game: Torre Attack, Grünfeld Variation, Main Line	1. d4 Nf6 2. Nf3 g6 3. Bg5 Bg7 4. Nbd2 d5 5. e3 O-O
A48	Torre Attack: Fianchetto Defense	1. d4 Nf6 2. Nf3 g6 3. Bg5
A48	Torre Attack: Fianchetto Defense, Euwe Variation	1. d4 Nf6 2. Nf3 g6 3. Bg5 Bg7 4. Nbd2 c5
A49	Indian Defense: Przepiorka Variation	1. d4 Nf6 2. Nf3 g6 3. g3
A50	Indian Defense: Medusa Gambit	1. d4 Nf6 2. c4 g5
A50	Indian Defense: Normal Variation	1. d4 Nf6 2. c4
A50	Indian Defense: Pyrenees Gambit	1. d4 Nf6 2. c4 b5
A50	Mexican Defense	1. d4 Nf6 2. c4 Nc6
A50	Mexican Defense: Horsefly Gambit	1. d4 Nf6 2. c4 Nc6 3. d5 Ne5 4. f4
A50	Queen's Indian Accelerated	1. d4 Nf6 2. c4 b6
A50	Slav Indian	1. d4 Nf6 2. c4 c6
A51	Indian Defense: Budapest Defense	1. d4 Nf6 2. c4 e5
A51	Indian Defense: Budapest Defense, Fajarowicz Defense, Bonsdorf Variation	1. d4 Nf6 2. c4 e5 3. dxe5 Ne4 4. a3 b6
A51	Indian Defense: Budapest Defense, Fajarowicz Variation	1. d4 Nf6 2. c4 e5 3. dxe5 Ne4
A51	Indian Defense: Budapest Defense, Fajarowicz-Steiner Variation	1. d4 Nf6 2. c4 e5 3. dxe5 Ne4 4. Qc2
A52	Indian Defense: Budapest Defense	1. d4 Nf6 2. c4 e5 3. dxe5 Ng4
A52	Indian Defense: Budapest Defense, Adler Variation	1. d4 Nf6 2. c4 e5 3. dxe5 Ng4 4. Nf3
A52	Indian Defense: Budapest Defense, Alekhine Variation	1. d4 Nf6 2. c4 e5 3. dxe5 Ng4 4. e4
A52	Indian Defense: Budapest Defense, Alekhine Variation, Abonyi Variation	1. d4 Nf6 2. c4 e5 3. dxe5 Ng4 4. e4 Nxe5 5. f4 Nec6
A52	Indian Defense: Budapest Defense, Alekhine Variation, Tartakower Defense	1. d4 Nf6 2. c4 e5 3. dxe5 Ng4 4. e4 d6
A52	Indian Defense: Budapest Defense, Rubinstein Variation	1. d4 Nf6 2. c4 e5 3. dxe5 Ng4 4. Bf4
A53	Old Indian Defense	1. d4 Nf6 2. c4 d6
A53	Old Indian Defense: Aged Gibbon Gambit	1. d4 Nf6 2. c4 d6 3. g4
A53	Old Indian Defense: Czech Variation, with Nc3	1. d4 Nf6 2. c4 d6 3. Nc3 c6
A53	Old Indian Defense: Czech Variation, with Nf3	1. d4 Nf6 2. c4 d6 3. Nf3 c6
A53	Old Indian Defense: Janowski Variation	1. d4 Nf6 2. c4 d6 3. Nc3 Bf5
A53	Old Indian Defense: Janowski Variation, Fianchetto Variation	1. d4 Nf6 2. c4 d6 3. Nc3 Bf5 4. g3
A53	Old Indian Defense: Janowski Variation, Grinberg Gambit	1. d4 Nf6 2. c4 d6 3. Nc3 Bf5 4. e4
A53	Old Indian Defense: Janowski Variation, Main Line	1. d4 Nf6 2. c4 d6 3. Nc3 Bf5 4. f3
A54	Old Indian Defense: Duz-Khotimirsky Variation	1. d4 Nf6 2. c4 d6 3. Nc3 e5 4. e3 Nbd7 5. Bd3
A54	Old Indian Defense: Tartakower-Indian	1. d4 Nf6 2. c4 d6 3. Nf3 Bg4
A54	Old Indian Defense: Two Knights Variation	1. d4 Nf6 2. c4 d6 3. Nc3 e5 4. Nf3
A54	Old Indian Defense: Ukrainian Variation	1. d4 Nf6 2. c4 d6 3. Nc3 e5
A55	Old Indian Defense: Normal Variation	1. d4 Nf6 2. c4 d6 3. Nc3 Nbd7 4. e4 e5 5. Nf3
A56	Benoni Defense	1. d4 Nf6 2. c4 c5
A56	Benoni Defense: Czech Benoni Defense	1. d4 Nf6 2. c4 c5 3. d5 e5
A56	Benoni Defense: Hromádka System	1. d4 Nf6 2. c4 c5 3. d5 d6
A56	Benoni Defense: King's Indian System	1. d4 Nf6 2. c4 c5 3. d5 e5 4. Nc3 d6 5. e4 g6
A56	Benoni Defense: Weenink Variation	1. d4 Nf6 2. c4 c5 3. dxc5 e6
A56	Grünfeld Defense: Three Knights Variation, Burille Variation, Reversed Tarrasch	1. d4 Nf6 2. c4 c5 3. e3 g6 4. Nc3 Bg7 5. Nf3 O-O 6. Be2 cxd4 7. exd4 d5 8. O-O Nc6
A56	Vulture Defense	1. d4 Nf6 2. c4 c5 3. d5 Ne4
A57	Benko Gambit	1. d4 Nf6 2. c4 c5 3. d5 b5
A57	Benko Gambit Accepted	1. d4 Nf6 2. c4 c5 3. d5 b5 4. cxb5 a6
A57	Benko Gambit Accepted: Dlugy Variation	1. d4 Nf6 2. c4 c5 3. d5 b5 4. cxb5 a6 5. f3
A57	Benko Gambit Accepted: Modern Variation	1. d4 Nf6 2. c4 c5 3. d5 b5 4. cxb5 a6 5. e3
A57	Benko Gambit Accepted: Pawn Return Variation	1. d4 Nf6 2. c4 c5 3. d5 b5 4. cxb5 a6 5. b6
A57	Benko Gambit Declined: Bishop Attack	1. d4 Nf6 2. c4 c5 3. d5 b5 4. Bg5
A57	Benko Gambit Declined: Hjørring Countergambit	1. d4 Nf6 2. c4 c5 3. d5 b5 4. e4
A57	Benko Gambit Declined: Main Line	1. d4 Nf6 2. c4 c5 3. d5 b5 4. Nf3
A57	Benko Gambit Declined: Pseudo-Sämisch	1. d4 Nf6 2. c4 c5 3. d5 b5 4. f3
A57	Benko Gambit Declined: Quiet Line	1. d4 Nf6 2. c4 c5 3. d5 b5 4. Nd2
A57	Benko Gambit Declined: Sosonko Variation	1. d4 Nf6 2. c4 c5 3. d5 b5 4. a4
A57	Benko Gambit: Mutkin Countergambit	1. d4 Nf6 2. c4 c5 3. d5 b5 4. g4
A57	Benko Gambit: Nescafe Frappe Attack	1. d4 Nf6 2. c4 c5 3. d5 b5 4. cxb5 a6 5. Nc3 axb5 6. e4 b4 7. Nb5 d6 8. Bc4
A57	Benko Gambit: Zaitsev System	1. d4 Nf6 2. c4 c5 3. d5 b5 4. cxb5 a6 5. Nc3
A57	Benko Gambit: Zaitsev Variation, Nescafe Frappe Attack	1. d4 Nf6 2. c4 c5 3. d5 b5 4. cxb5 a6 5. Nc3 axb5 6. e4 b4 7. Nb5
A58	Benko Gambit Accepted: Central Storming Variation	1. d4 Nf6 2. c4 c5 3. d5 b5 4. cxb5 a6 5. bxa6 g6 6. Nc3 Bxa6 7. f4
A58	Benko Gambit Accepted: Fianchetto Variation	1. d4 Nf6 2. c4 c5 3. d5 b5 4. cxb5 a6 5. bxa6 g6 6. Nc3 Bxa6 7. g3 d6 8. Bg2 Bg7 9. Nf3
A58	Benko Gambit Accepted: Fully Accepted Variation	1. d4 Nf6 2. c4 c5 3. d5 b5 4. cxb5 a6 5. bxa6
A58	Benko Gambit: Fianchetto Variation	1. d4 Nf6 2. c4 c5 3. d5 b5 4. cxb5 a6 5. bxa6 Bxa6 6. Nc3 d6 7. Nf3 g6 8. g3
A58	Benko Gambit: Nd2 Variation	1. d4 Nf6 2. c4 c5 3. d5 b5 4. cxb5 a6 5. bxa6 Bxa6 6. Nc3 d6 7. Nf3 g6 8. Nd2
A59	Benko Gambit	1. d4 Nf6 2. c4 c5 3. d5 b5 4. cxb5 a6 5. bxa6 g6 6. Nc3 Bxa6 7. e4 Bxf1 8. Kxf1 d6 9. g3
A59	Benko Gambit Accepted: King Walk Variation	1. d4 Nf6 2. c4 c5 3. d5 b5 4. cxb5 a6 5. bxa6 g6 6. Nc3 Bxa6 7. Nf3 d6 8. e4 Bxf1 9. Kxf1 Bg7 10. g3 O-O 11. Kg2
A59	Benko Gambit Accepted: Yugoslav	1. d4 Nf6 2. c4 c5 3. d5 b5 4. cxb5 a6 5. bxa6 Bxa6 6. Nc3 d6 7. e4
A59	Benko Gambit Accepted: Yugoslav	1. d4 Nf6 2. c4 c5 3. d5 b5 4. cxb5 a6 5. bxa6 g6 6. Nc3 Bxa6 7. e4 Bxf1 8. Kxf1 d6 9. Nge2
A60	Benoni Defense: Modern Variation	1. d4 Nf6 2. c4 c5 3. d5 e6
A60	Benoni Defense: Modern Variation, Snake Variation	1. d4 Nf6 2. c4 c5 3. d5 e6 4. Nc3 exd5 5. cxd5 Bd6
A61	Benoni Defense	1. d4 Nf6 2. c4 e6 3. Nf3 c5 4. d5 exd5 5. cxd5 d6 6. Nc3 g6
A61	Benoni Defense: Fianchetto Variation	1. d4 Nf6 2. c4 e6 3. Nf3 c5 4. d5 exd5 5. cxd5 d6 6. Nc3 g6 7. g3
A61	Benoni Defense: Knight's Tour Variation	1. d4 Nf6 2. c4 e6 3. Nf3 c5 4. d5 exd5 5. cxd5 d6 6. Nc3 g6 7. Nd2
A61	Benoni Defense: Uhlmann Variation	1. d4 Nf6 2. c4 e6 3. Nf3 c5 4. d5 exd5 5. cxd5 d6 6. Nc3 g6 7. Bg5
A62	Benoni Defense: Fianchetto Variation	1. d4 Nf6 2. c4 e6 3. g3 c5 4. d5 exd5 5. cxd5 d6 6. Nc3 g6 7. Bg2 Bg7 8. Nf3 O-O
A63	Benoni Defense: Fianchetto Variation, Hastings Defense	1. d4 Nf6 2. c4 e6 3. g3 c5 4. d5 exd5 5. cxd5 d6 6. Nc3 g6 7. Bg2 Bg7 8. Nf3 O-O 9. O-O Nbd7
A64	Benoni Defense: Fianchetto Variation, Hastings Defense, Main Line	1. d4 Nf6 2. c4 e6 3. g3 c5 4. d5 exd5 5. cxd5 d6 6. Nc3 g6 7. Bg2 Bg7 8. Nf3 O-O 9. O-O a6 10. a4 Nbd7 11. Nd2 Re8
A65	Benoni Defense: King's Pawn Line	1. d4 Nf6 2. c4 c5 3. d5 e6 4. Nc3 exd5 5. cxd5 d6 6. e4
A65	Benoni Defense: King's Pawn Line	1. d4 Nf6 2. c4 c5 3. d5 e6 4. Nc3 exd5 5. cxd5 d6 6. e4 g6 7. f3 Bg7
A65	Benoni Defense: King's Pawn Line	1. d4 Nf6 2. c4 g6 3. f3 c5 4. d5 d6 5. e4 Bg7 6. Nc3 e6 7. Be3 O-O 8. Qd2 exd5 9. cxd5
A65	Benoni Defense: King's Pawn Line, with Be3	1. d4 Nf6 2. c4 c5 3. d5 e6 4. Nc3 exd5 5. cxd5 d6 6. e4 g6 7. f3 Bg7 8. Be3
A65	Benoni Defense: King's Pawn Line, with Bg5	1. d4 Nf6 2. c4 g6 3. Nc3 Bg7 4. e4 d6 5. f3 O-O 6. Bg5 c5 7. d5
A65	Benoni Defense: King's Pawn Line, with Bg5	1. d4 Nf6 2. c4 c5 3. d5 e6 4. Nc3 exd5 5. cxd5 d6 6. e4 g6 7. f3 Bg7 8. Bg5
A65	Benoni Defense: King's Pawn Line, with Bg5	1. d4 Nf6 2. c4 g6 3. Nc3 Bg7 4. e4 d6 5. f3 O-O 6. Bg5 c5 7. d5 e6 8. Qd2 exd5 9. exd5
A65	Benoni Defense: King's Pawn Line, with Nge2	1. d4 Nf6 2. c4 c5 3. d5 e6 4. Nc3 exd5 5. cxd5 d6 6. e4 g6 7. f3 Bg7 8. Nge2
A65	Benoni Defense: King's Pawn Line, with Nge2	1. d4 Nf6 2. c4 g6 3. Nc3 Bg7 4. e4 d6 5. f3 O-O 6. Nge2 c5 7. d5 e6 8. Ng3 exd5 9. cxd5
A66	Benoni Defense: Mikenas Variation	1. d4 Nf6 2. c4 c5 3. d5 e6 4. Nc3 exd5 5. cxd5 d6 6. e4 g6 7. f4 Bg7 8. e5
A66	Benoni Defense: Pawn Storm Variation	1. d4 Nf6 2. c4 c5 3. d5 e6 4. Nc3 exd5 5. cxd5 d6 6. e4 g6 7. f4
A67	Benoni Defense: Taimanov Variation	1. d4 Nf6 2. c4 c5 3. d5 e6 4. Nc3 exd5 5. cxd5 d6 6. e4 g6 7. f4 Bg7 8. Bb5+
A68	Benoni Defense: Four Pawns Attack	1. d4 Nf6 2. c4 c5 3. d5 e6 4. Nc3 exd5 5. cxd5 d6 6. e4 g6 7. f4 Bg7 8. Nf3 O-O
A69	Benoni Defense: Four Pawns Attack, Main Line	1. d4 Nf6 2. c4 c5 3. d5 e6 4. Nc3 exd5 5. cxd5 d6 6. e4 g6 7. f4 Bg7 8. Nf3 O-O 9. Be2 Re8
A70	Benoni Defense: Classical Variation	1. d4 Nf6 2. c4 e6 3. Nf3 c5 4. d5 exd5 5. cxd5 d6 6. Nc3 g6 7. e4
A70	Benoni Defense: Classical Variation, New York Variation	1. d4 Nf6 2. c4 e6 3. Nf3 c5 4. d5 exd5 5. cxd5 d6 6. Nc3 g6 7. e4 Bg7 8. h3
A70	Benoni Defense: Classical Variation, Traditional Variation	1. d4 Nf6 2. c4 e6 3. Nf3 c5 4. d5 exd5 5. cxd5 d6 6. Nc3 g6 7. e4 Bg7 8. Be2
A71	Benoni Defense: Classical Variation, Averbakh-Grivas Attack	1. d4 Nf6 2. c4 e6 3. Nf3 c5 4. d5 exd5 5. cxd5 d6 6. Nc3 g6 7. e4 Bg7 8. Bg5
A72	Benoni Defense: Classical Variation	1. d4 Nf6 2. c4 c5 3. d5 e6 4. Nc3 exd5 5. cxd5 d6 6. e4 g6 7. Nf3 Bg7 8. Be2 O-O
A73	Benoni Defense: Classical Variation, Main Line	1. d4 Nf6 2. c4 c5 3. d5 e6 4. Nc3 exd5 5. cxd5 d6 6. e4 g6 7. Nf3 Bg7 8. Be2 O-O 9. O-O
A74	Benoni Defense: Classical Variation, Full Line	1. d4 Nf6 2. c4 c5 3. d5 e6 4. Nc3 exd5 5. cxd5 d6 6. e4 g6 7. Nf3 Bg7 8. Be2 O-O 9. O-O a6 10. a4
A75	Benoni Defense: Classical Variation, Argentine Counterattack	1. d4 Nf6 2. c4 e6 3. Nf3 c5 4. d5 exd5 5. cxd5 d6 6. Nc3 g6 7. e4 Bg7 8. Be2 O-O 9. O-O a6 10. a4 Bg4
A76	Benoni Defense: Classical Variation, Czerniak Defense	1. d4 Nf6 2. c4 c5 3. d5 e6 4. Nc3 exd5 5. cxd5 d6 6. e4 g6 7. Nf3 Bg7 8. Be2 O-O 9. O-O Re8
A77	Benoni Defense: Classical Variation, Czerniak Defense, Tal Line	1. d4 Nf6 2. c4 c5 3. d5 e6 4. Nc3 exd5 5. cxd5 d6 6. e4 g6 7. Nf3 Bg7 8. Be2 O-O 9. O-O Re8 10. Nd2
A78	Benoni Defense: Classical Variation, Czerniak Defense	1. d4 Nf6 2. c4 e6 3. Nf3 c5 4. d5 exd5 5. cxd5 d6 6. Nc3 g6 7. e4 Bg7 8. Be2 O-O 9. O-O Re8 10. Nd2 Na6
A79	Benoni Defense: Classical Variation, Czerniak Defense	1. d4 Nf6 2. c4 c5 3. d5 e6 4. Nc3 exd5 5. cxd5 d6 6. e4 g6 7. Nf3 Bg7 8. Be2 O-O 9. O-O Re8 10. Nd2 Na6 11. f3
A80	Dutch Defense	1. d4 f5
A80	Dutch Defense: Alapin Variation	1. d4 f5 2. Qd3
A80	Dutch Defense: Hevendehl Gambit	1. d4 f5 2. g4 e5
A80	Dutch Defense: Hopton Attack	1. d4 f5 2. Bg5
A80	Dutch Defense: Janzen-Korchnoi Gambit	1. d4 f5 2. h3 Nf6 3. g4
A80	Dutch Defense: Kingfisher Gambit	1. d4 f5 2. Nc3 d5 3. e4
A80	Dutch Defense: Korchnoi Attack	1. d4 f5 2. h3
A80	Dutch Defense: Krejcik Gambit	1. d4 f5 2. g4
A80	Dutch Defense: Krejcik Gambit, Tate Gambit	1. d4 f5 2. g4 fxg4 3. e4 d5 4. Nc3
A80	Dutch Defense: Manhattan Gambit, Anti-Classical Line	1. d4 f5 2. Qd3 e6 3. g4
A80	Dutch Defense: Manhattan Gambit, Anti-Leningrad	1. d4 f5 2. Qd3 g6 3. g4
A80	Dutch Defense: Manhattan Gambit, Anti-Modern	1. d4 f5 2. Qd3 d6 3. g4
A80	Dutch Defense: Manhattan Gambit, Anti-Stonewall	1. d4 f5 2. Qd3 d5 3. g4
A80	Dutch Defense: Omega-Isis Gambit	1. d4 f5 2. Nf3 e5
A80	Dutch Defense: Raphael Variation	1. d4 f5 2. Nc3
A80	Dutch Defense: Senechaud Gambit	1. d4 f5 2. Bf4 e6 3. g4
A80	Dutch Defense: Spielmann Gambit	1. d4 f5 2. Nc3 Nf6 3. g4
A80	Queen's Pawn Game: Veresov Attack, Dutch System	1. d4 f5 2. Nc3 d5
A81	Dutch Defense: Blackburne Variation	1. d4 f5 2. g3 Nf6 3. Bg2 e6 4. Nh3
A81	Dutch Defense: Fianchetto Attack	1. d4 f5 2. g3
A81	Dutch Defense: Leningrad Variation, Carlsbad Variation	1. d4 f5 2. g3 g6 3. Bg2 Bg7 4. Nh3
A81	Dutch Defense: Leningrad, Basman System	1. d4 f5 2. g3 c6 3. Bg2 g6 4. Nf3 Bg7 5. O-O Nh6
A81	Dutch Defense: Semi-Leningrad Variation	1. d4 f5 2. g3 Nf6 3. Bg2 g6
A82	Dutch Defense: Blackmar's Second Gambit	1. d4 f5 2. e4 fxe4 3. Nc3 Nf6 4. f3
A82	Dutch Defense: Staunton Gambit	1. d4 f5 2. e4
A82	Dutch Defense: Staunton Gambit Accepted	1. d4 f5 2. e4 fxe4
A82	Dutch Defense: Staunton Gambit, American Attack	1. d4 f5 2. e4 fxe4 3. Nd2
A82	Dutch Defense: Staunton Gambit, Tartakower Variation	1. d4 f5 2. e4 fxe4 3. Nc3 Nf6 4. g4
A82	Rat Defense: Balogh Defense	1. e4 d6 2. d4 f5
A83	Dutch Defense: Staunton Gambit	1. d4 f5 2. e4 fxe4 3. Nc3 Nf6 4. Bg5
A83	Dutch Defense: Staunton Gambit, Alekhine Variation	1. d4 f5 2. e4 fxe4 3. Nc3 Nf6 4. Bg5 g6 5. h4
A83	Dutch Defense: Staunton Gambit, Chigorin Variation	1. d4 f5 2. e4 fxe4 3. Nc3 Nf6 4. Bg5 c6
A83	Dutch Defense: Staunton Gambit, Lasker Variation	1. d4 f5 2. e4 fxe4 3. Nc3 Nf6 4. Bg5 g6 5. f3
A83	Dutch Defense: Staunton Gambit, Nimzowitsch Variation	1. d4 f5 2. e4 fxe4 3. Nc3 Nf6 4. Bg5 b6
A84	Dutch Defense	1. d4 f5 2. c4
A84	Dutch Defense: Bellon Gambit	1. d4 f5 2. c4 e6 3. e4
A84	Dutch Defense: Bladel Variation	1. d4 f5 2. c4 g6 3. Nc3 Nh6
A84	Dutch Defense: Classical Variation	1. d4 f5 2. c4 e6
A84	Dutch Defense: Krause Variation	1. d4 f5 2. c4 Nf6 3. Nc3 d6 4. Nf3 Nc6
A84	Dutch Defense: Normal Variation	1. d4 f5 2. c4 Nf6
A84	Dutch Defense: Rubinstein Variation	1. d4 f5 2. c4 e6 3. Nc3
A85	Dutch Defense: Queen's Knight Variation	1. d4 f5 2. c4 Nf6 3. Nc3
A86	Dutch Defense: Fianchetto Variation	1. d4 f5 2. c4 Nf6 3. g3
A86	Dutch Defense: Hort-Antoshin System	1. d4 f5 2. c4 Nf6 3. g3 d6 4. Bg2 c6 5. Nc3 Qc7
A86	Dutch Defense: Leningrad Variation	1. d4 f5 2. c4 Nf6 3. g3 g6
A87	Dutch Defense: Leningrad Variation	1. d4 f5 2. c4 Nf6 3. g3 g6 4. Bg2 Bg7 5. Nf3
A88	Dutch Defense: Leningrad Variation, Warsaw Variation	1. d4 f5 2. g3 Nf6 3. Bg2 g6 4. Nf3 Bg7 5. O-O O-O 6. c4 d6 7. Nc3 c6
A89	Dutch Defense: Leningrad Variation, Matulovic Variation	1. d4 f5 2. g3 Nf6 3. Bg2 g6 4. Nf3 Bg7 5. O-O O-O 6. c4 d6 7. Nc3 Nc6
A90	Dutch Defense: Classical Variation	1. d4 f5 2. c4 Nf6 3. g3 e6 4. Bg2
A90	Dutch Defense: Classical Variation	1. d4 f5 2. c4 Nf6 3. g3 e6 4. Bg2 d5 5. Nf3
A90	Dutch Defense: Nimzo-Dutch Variation	1. d4 f5 2. c4 Nf6 3. g3 e6 4. Bg2 Bb4+
A90	Dutch Defense: Nimzo-Dutch Variation, Alekhine Variation	1. d4 f5 2. c4 Nf6 3. g3 e6 4. Bg2 Bb4+ 5. Bd2 Be7
A90	Dutch Defense: Stonewall Variation, Modern Variation	1. d4 f5 2. c4 e6 3. Nf3 Nf6 4. g3 c6 5. Bg2 d5 6. O-O Bd6
A91	Dutch Defense: Classical Variation	1. d4 f5 2. c4 Nf6 3. g3 e6 4. Bg2 Be7
A91	Dutch Defense: Classical Variation, Blackburne Attack	1. d4 f5 2. c4 Nf6 3. g3 e6 4. Bg2 Be7 5. Nh3
A92	Dutch Defense: Alekhine Variation	1. d4 f5 2. c4 Nf6 3. g3 e6 4. Bg2 Be7 5. Nf3 O-O 6. O-O Ne4
A92	Dutch Defense: Classical Variation	1. d4 f5 2. c4 Nf6 3. g3 e6 4. Bg2 Be7 5. Nf3 O-O
A92	Dutch Defense: Stonewall Variation	1. d4 f5 2. c4 Nf6 3. g3 e6 4. Bg2 Be7 5. Nf3 O-O 6. O-O d5 7. Nc3
A92	Dutch Defense: Stonewall Variation	1. d4 f5 2. c4 Nf6 3. g3 e6 4. Bg2 Be7 5. Nf3 O-O 6. O-O d5
A93	Dutch Defense: Stonewall Variation, Botvinnik Variation	1. d4 f5 2. c4 Nf6 3. g3 e6 4. Bg2 Be7 5. Nf3 O-O 6. O-O d5 7. b3
A94	Dutch Defense: Stonewall Variation	1. d4 f5 2. c4 Nf6 3. g3 e6 4. Bg2 Be7 5. Nf3 O-O 6. O-O d5 7. b3 c6 8. Ba3
A95	Dutch Defense: Stonewall Variation	1. d4 f5 2. c4 Nf6 3. g3 e6 4. Bg2 Be7 5. Nf3 O-O 6. O-O d5 7. Nc3 c6
A95	Dutch Defense: Stonewall Variation, Chekhover Variation	1. d4 f5 2. c4 Nf6 3. g3 e6 4. Bg2 Be7 5. Nf3 O-O 6. O-O d5 7. Nc3 c6 8. Qc2 Qe8 9. Bg5
A96	Dutch Defense: Classical Variation	1. d4 f5 2. c4 Nf6 3. g3 e6 4. Bg2 Be7 5. Nf3 O-O 6. O-O d6
A96	Dutch Defense: Classical Variation, Buenos Aires Variation	1. d4 f5 2. c4 Nf6 3. g3 e6 4. Bg2 Be7 5. Nf3 O-O 6. O-O d6 7. Nc3 a5
A96	Dutch Defense: Classical Variation, Huisl Variation	1. d4 f5 2. c4 Nf6 3. g3 e6 4. Bg2 Be7 5. Nf3 O-O 6. O-O d6 7. Nc3 Ne4
A97	Dutch Defense: Classical Variation, Ilyin-Zhenevsky Variation	1. d4 f5 2. c4 Nf6 3. g3 e6 4. Bg2 Be7 5. Nf3 O-O 6. O-O d6 7. Nc3 Qe8
A97	Dutch Defense: Classical Variation, Ilyin-Zhenevsky Variation, Winter Variation	1. d4 f5 2. c4 Nf6 3. g3 e6 4. Bg2 Be7 5. Nf3 O-O 6. O-O d6 7. Nc3 Qe8 8. Re1
A98	Dutch Defense: Classical Variation, Ilyin-Zhenevsky Variation, Alatortsev-Lisitsyn Line	1. d4 f5 2. c4 Nf6 3. g3 e6 4. Bg2 Be7 5. Nf3 O-O 6. O-O d6 7. Nc3 Qe8 8. Qc2
A99	Dutch Defense: Classical Variation, Ilyin-Zhenevsky Variation, Modern Main Line	1. d4 f5 2. c4 Nf6 3. g3 e6 4. Bg2 Be7 5. Nf3 O-O 6. O-O d6 7. Nc3 Qe8 8. b3
B00	Barnes Defense	1. e4 f6
B00	Borg Defense	1. e4 g5
B00	Borg Defense: Borg Gambit	1. e4 g5 2. d4 Bg7
B00	Borg Defense: Troon Gambit	1. e4 g5 2. d4 h6 3. h4 g4
B00	Borg Defense: Zilbermints Gambit	1. e4 g5 2. d4 e5
B00	Carr Defense	1. e4 h6
B00	Carr Defense: Zilbermints Gambit	1. e4 h6 2. d4 e5
B00	Duras Gambit	1. e4 f5
B00	Fried Fox Defense	1. e4 f6 2. d4 Kf7
B00	Goldsmith Defense	1. e4 h5
B00	Goldsmith Defense: Picklepuss Defense	1. e4 h5 2. d4 Nf6
B00	Hippopotamus Defense	1. e4 Nh6
B00	Hippopotamus Defense	1. e4 Nh6 2. d4 g6 3. c4 f6
B00	King's Pawn Game	1. e4
B00	Lemming Defense	1. e4 Na6
B00	Lion Defense: Lion's Jaw	1. e4 d6 2. d4 Nf6 3. f3
B00	Nimzowitsch Defense	1. e4 Nc6
B00	Nimzowitsch Defense	1. e4 Nc6 2. d4
B00	Nimzowitsch Defense: Breyer Variation	1. e4 Nc6 2. Nc3 Nf6 3. d4 e5
B00	Nimzowitsch Defense: Colorado Countergambit	1. e4 Nc6 2. Nf3 f5
B00	Nimzowitsch Defense: Colorado Countergambit Accepted	1. e4 Nc6 2. Nf3 f5 3. exf5
B00	Nimzowitsch Defense: Declined Variation	1. e4 Nc6 2. Nf3
B00	Nimzowitsch Defense: El Columpio Defense	1. e4 Nc6 2. Nf3 Nf6 3. e5 Ng4
B00	Nimzowitsch Defense: El Columpio Defense, El Columpio Gambit	1. e4 Nc6 2. Nf3 Nf6 3. e5 Ng4 4. d4 d6 5. h3 Nh6 6. e6
B00	Nimzowitsch Defense: El Columpio Defense, Exchange Variation	1. e4 Nc6 2. Nf3 Nf6 3. e5 Ng4 4. d4 d6 5. h3 Nh6 6. exd6
B00	Nimzowitsch Defense: El Columpio Defense, Pin Variation	1. e4 Nc6 2. Nf3 Nf6 3. e5 Ng4 4. d4 d6 5. h3 Nh6 6. Bb5
B00	Nimzowitsch Defense: Franco-Nimzowitsch Variation	1. e4 Nc6 2. Nf3 e6
B00	Nimzowitsch Defense: French Connection	1. e4 Nc6 2. Nc3 e6
B00	Nimzowitsch Defense: Hornung Gambit	1. e4 Nc6 2. d4 d5 3. Be3
B00	Nimzowitsch Defense: Kennedy Variation	1. e4 Nc6 2. d4 e5
B00	Nimzowitsch Defense: Kennedy Variation, Bielefelder Gambit	1. e4 Nc6 2. d4 e5 3. dxe5 Bc5
B00	Nimzowitsch Defense: Kennedy Variation, Hammer Gambit	1. e4 Nc6 2. d4 e5 3. dxe5 f6
B00	Nimzowitsch Defense: Kennedy Variation, Herford Gambit	1. e4 Nc6 2. d4 e5 3. dxe5 Qh4
B00	Nimzowitsch Defense: Kennedy Variation, Keres Attack	1. e4 Nc6 2. d4 e5 3. dxe5 Nxe5 4. Nc3
B00	Nimzowitsch Defense: Kennedy Variation, Linksspringer Variation	1. e4 Nc6 2. d4 e5 3. d5
B00	Nimzowitsch Defense: Kennedy Variation, Main Line	1. e4 Nc6 2. d4 e5 3. dxe5 Nxe5 4. f4 Ng6
B00	Nimzowitsch Defense: Kennedy Variation, Paulsen Attack	1. e4 Nc6 2. d4 e5 3. dxe5 Nxe5 4. Nf3
B00	Nimzowitsch Defense: Kennedy Variation, Riemann Defense	1. e4 Nc6 2. d4 e5 3. dxe5 Nxe5 4. f4 Nc6
B00	Nimzowitsch Defense: Kennedy Variation, de Smet Gambit	1. e4 Nc6 2. d4 e5 3. dxe5 d6
B00	Nimzowitsch Defense: Mikenas Variation	1. e4 Nc6 2. d4 d6
B00	Nimzowitsch Defense: Neo-Mongoloid Defense	1. e4 Nc6 2. d4 f6
B00	Nimzowitsch Defense: Pirc Connection	1. e4 Nc6 2. Nc3 g6
B00	Nimzowitsch Defense: Pseudo-Spanish Variation	1. e4 Nc6 2. Bb5
B00	Nimzowitsch Defense: Scandinavian Variation	1. e4 Nc6 2. d4 d5
B00	Nimzowitsch Defense: Scandinavian Variation, Aachen Gambit	1. e4 Nc6 2. d4 d5 3. exd5 Nb4
B00	Nimzowitsch Defense: Scandinavian Variation, Advance Variation	1. e4 Nc6 2. d4 d5 3. e5
B00	Nimzowitsch Defense: Scandinavian Variation, Bogoljubow Variation	1. e4 Nc6 2. d4 d5 3. Nc3
B00	Nimzowitsch Defense: Scandinavian Variation, Bogoljubow Variation	1. e4 Nc6 2. d4 d5 3. Nc3 dxe4
B00	Nimzowitsch Defense: Scandinavian Variation, Bogoljubow Variation, Brandics Gambit	1. e4 Nc6 2. d4 d5 3. Nc3 a6
B00	Nimzowitsch Defense: Scandinavian Variation, Bogoljubow Variation, Erben Gambit	1. e4 Nc6 2. d4 d5 3. Nc3 g6
B00	Nimzowitsch Defense: Scandinavian Variation, Bogoljubow Variation, Heinola-Deppe Gambit	1. e4 Nc6 2. d4 d5 3. Nc3 e5
B00	Nimzowitsch Defense: Scandinavian Variation, Bogoljubow Variation, Nimzowitsch Gambit	1. e4 Nc6 2. d4 d5 3. Nc3 dxe4 4. d5 Ne5
B00	Nimzowitsch Defense: Scandinavian Variation, Bogoljubow Variation, Richter Gambit	1. e4 Nc6 2. d4 d5 3. Nc3 dxe4 4. d5 Nb8 5. f3
B00	Nimzowitsch Defense: Scandinavian Variation, Bogoljubow Variation, Vehre Variation	1. e4 Nc6 2. d4 d5 3. Nc3 Nf6
B00	Nimzowitsch Defense: Scandinavian Variation, Exchange Variation	1. e4 Nc6 2. d4 d5 3. exd5 Qxd5
B00	Nimzowitsch Defense: Scandinavian Variation, Exchange Variation, Marshall Gambit	1. e4 Nc6 2. d4 d5 3. exd5 Qxd5 4. Nc3
B00	Nimzowitsch Defense: Wheeler Gambit	1. e4 Nc6 2. b4
B00	Nimzowitsch Defense: Williams Variation	1. e4 Nc6 2. Nf3 d6
B00	Nimzowitsch Defense: Woodchuck Variation	1. e4 Nc6 2. d4 a6
B00	Owen Defense	1. e4 b6
B00	Owen Defense: Guatemala Defense	1. e4 b6 2. d4 Ba6
B00	Owen Defense: Hekili-Loa Gambit	1. e4 b6 2. d4 c5 3. dxc5 Nc6
B00	Owen Defense: Matovinsky Gambit	1. e4 b6 2. d4 Bb7 3. Bd3 f5 4. exf5 Bxg2 5. Qh5+ g6
B00	Owen Defense: Naselwaus Gambit	1. e4 b6 2. d4 Bb7 3. Bg5
B00	Owen Defense: Smith Gambit	1. e4 b6 2. d4 Bb7 3. Nf3
B00	Owen Defense: Unicorn Variation	1. e4 f6 2. d4 b6 3. c4 Bb7
B00	Owen Defense: Wind Gambit	1. e4 b6 2. d4 Bb7 3. f3 e5
B00	Pirc Defense	1. e4 d6
B00	Pirc Defense	1. e4 d6 2. d4
B00	Pirc Defense	1. e4 d6 2. d4 Nf6
B00	Pirc Defense: Roscher Gambit	1. e4 d6 2. d4 Nf6 3. Nf3
B00	Rat Defense: Antal Defense	1. e4 d6 2. d4 Nd7
B00	Rat Defense: Fuller Gambit	1. e4 d6 2. f4 d5 3. exd5 Nf6
B00	Rat Defense: Harmonist	1. e4 d6 2. f4
B00	Rat Defense: Petruccioli Attack	1. e4 d6 2. h4
B00	Rat Defense: Spike Attack	1. e4 d6 2. g4
B00	St. George Defense	1. e4 a6
B00	St. George Defense: Polish Variation	1. e4 a6 2. d4 b5 3. Nf3 Bb7 4. Bd3 e6
B00	St. George Defense: San Jorge Variation	1. e4 a6 2. d4 b5 3. Nf3 Bb7 4. Bd3 d6 5. O-O g6 6. c3 Bg7
B00	St. George Defense: Zilbermints Gambit	1. e4 a6 2. d4 e5
B00	Van Geet Opening: Berlin Gambit	1. e4 Nc6 2. d4 d5 3. Nc3 dxe4 4. d5
B00	Ware Defense	1. e4 a5
B00	Ware Defense: Snagglepuss Defense	1. e4 a5 2. d4 Nc6
B01	Scandinavian Defense	1. e4 d5
B01	Scandinavian Defense	1. e4 d5 2. b3
B01	Scandinavian Defense: Anderssen Counterattack	1. e4 d5 2. exd5 Qxd5 3. Nc3 Qa5 4. d4 e5
B01	Scandinavian Defense: Anderssen Counterattack, Collijn Variation	1. e4 d5 2. exd5 Qxd5 3. Nc3 Qa5 4. d4 e5 5. Nf3 Bg4
B01	Scandinavian Defense: Anderssen Counterattack, Goteborg System	1. e4 d5 2. exd5 Qxd5 3. Nc3 Qa5 4. d4 e5 5. Nf3
B01	Scandinavian Defense: Anderssen Counterattack, Orthodox Attack	1. e4 d5 2. exd5 Qxd5 3. Nc3 Qa5 4. d4 e5 5. dxe5 Nc6 6. Nf3 Bb4 7. Bd2
B01	Scandinavian Defense: Blackburne Gambit	1. e4 d5 2. exd5 c6 3. dxc6 Nxc6
B01	Scandinavian Defense: Blackburne-Kloosterboer Gambit	1. e4 d5 2. exd5 c6
B01	Scandinavian Defense: Boehnke Gambit	1. e4 d5 2. exd5 e5 3. dxe6 Bxe6
B01	Scandinavian Defense: Bronstein Variation	1. e4 d5 2. exd5 Qxd5 3. Nc3 Qd6 4. d4 Nf6 5. Nf3 a6
B01	Scandinavian Defense: Classical Variation	1. e4 d5 2. exd5 Qxd5 3. Nc3 Qa5 4. d4 Nf6 5. Nf3 Bf5
B01	Scandinavian Defense: Grünfeld Variation	1. e4 d5 2. exd5 Qxd5 3. Nc3 Qa5 4. d4 Nf6 5. Nf3 Bf5 6. Ne5 c6 7. g4
B01	Scandinavian Defense: Gubinsky-Melts Defense	1. e4 d5 2. exd5 Qxd5 3. Nc3 Qd6
B01	Scandinavian Defense: Icelandic-Palme Gambit	1. e4 d5 2. exd5 Nf6 3. c4 e6
B01	Scandinavian Defense: Kiel Variation	1. e4 d5 2. exd5 Nf6 3. d4 Nxd5 4. c4 Nb4
B01	Scandinavian Defense: Kloosterboer Gambit	1. e4 d5 2. exd5 c6 3. dxc6 e5
B01	Scandinavian Defense: Kádas Gambit	1. e4 d5 2. exd5 Nf6 3. d4 c6 4. dxc6 e5
B01	Scandinavian Defense: Lasker Variation	1. e4 d5 2. exd5 Qxd5 3. Nc3 Qa5 4. d4 Nf6 5. Nf3 Bg4 6. h3
B01	Scandinavian Defense: Main Line	1. e4 d5 2. exd5 Qxd5 3. Nc3 Qa5
B01	Scandinavian Defense: Main Line, Leonhardt Gambit	1. e4 d5 2. exd5 Qxd5 3. Nc3 Qa5 4. b4
B01	Scandinavian Defense: Main Line, Mieses Variation	1. e4 d5 2. exd5 Qxd5 3. Nc3 Qa5 4. d4 Nf6
B01	Scandinavian Defense: Marshall Variation	1. e4 d5 2. exd5 Nf6 3. d4 Nxd5
B01	Scandinavian Defense: Mieses-Kotroc Variation	1. e4 d5 2. exd5 Qxd5
B01	Scandinavian Defense: Modern Variation	1. e4 d5 2. exd5 Nf6
B01	Scandinavian Defense: Modern Variation	1. e4 d5 2. exd5 Nf6 3. d4
B01	Scandinavian Defense: Modern Variation, Gipslis Variation	1. e4 d5 2. exd5 Nf6 3. d4 Nxd5 4. Nf3 Bg4
B01	Scandinavian Defense: Modern Variation, Wing Gambit	1. e4 d5 2. exd5 Nf6 3. d4 g6 4. c4 b5
B01	Scandinavian Defense: Panov Transfer	1. e4 d5 2. exd5 Nf6 3. c4 c6
B01	Scandinavian Defense: Portuguese Gambit	1. e4 d5 2. exd5 Nf6 3. d4 Bg4
B01	Scandinavian Defense: Portuguese Gambit, Banker Variation	1. e4 d5 2. exd5 Nf6 3. d4 Bg4 4. f3 Bf5 5. c4
B01	Scandinavian Defense: Portuguese Gambit, Classical Variation	1. e4 d5 2. exd5 Nf6 3. d4 Bg4 4. Nf3
B01	Scandinavian Defense: Portuguese Gambit, Correspondence Refutation	1. e4 d5 2. exd5 Nf6 3. d4 Bg4 4. f3 Bf5 5. g4
B01	Scandinavian Defense: Portuguese Gambit, Elbow Variation	1. e4 d5 2. exd5 Nf6 3. d4 Bg4 4. Bb5+ c6
B01	Scandinavian Defense: Portuguese Gambit, Jadoul Variation	1. e4 d5 2. exd5 Nf6 3. d4 Bg4 4. f3 Bf5 5. Bb5+ Nbd7 6. c4
B01	Scandinavian Defense: Portuguese Gambit, Lusophobe Variation	1. e4 d5 2. exd5 Nf6 3. d4 Bg4 4. Bb5+ Nbd7 5. Be2
B01	Scandinavian Defense: Portuguese Gambit, Melbourne Shuffle Variation	1. e4 d5 2. exd5 Nf6 3. d4 Bg4 4. f3 Bf5 5. Bb5+ Nbd7 6. Nc3
B01	Scandinavian Defense: Portuguese Gambit, Wuss Variation	1. e4 d5 2. exd5 Nf6 3. d4 Bg4 4. Be2
B01	Scandinavian Defense: Richter Variation	1. e4 d5 2. exd5 Nf6 3. d4 Nxd5 4. Nf3 g6
B01	Scandinavian Defense: Richter Variation	1. e4 d5 2. exd5 Nf6 3. d4 g6
B01	Scandinavian Defense: Schiller-Pytel Variation	1. e4 d5 2. exd5 Qxd5 3. Nc3 Qd6 4. d4 c6
B01	Scandinavian Defense: Schiller-Pytel Variation, Modern Variation	1. e4 d5 2. exd5 Qxd5 3. Nc3 Qd6 4. d4 Nf6 5. Bc4 c6 6. Nge2 Bf5 7. Bf4 Qb4
B01	Scandinavian Defense: Valencian Variation	1. e4 d5 2. exd5 Qxd5 3. Nc3 Qd8
B01	Scandinavian Defense: Valencian Variation, Ilundain Variation	1. e4 d5 2. exd5 Qxd5 3. Nc3 Qd8 4. d4 Nf6 5. Nf3 c6
B01	Scandinavian Defense: Valencian Variation, Main Line	1. e4 d5 2. exd5 Qxd5 3. Nc3 Qd8 4. d4 Nf6 5. Nf3 Bg4
B01	Scandinavian Defense: Zilbermints Gambit	1. e4 d5 2. b4
B01	Van Geet Opening: Grünfeld Defense	1. e4 d5 2. Nc3 dxe4 3. Nxe4 e5
B02	Alekhine Defense	1. e4 Nf6
B02	Alekhine Defense: Brooklyn Variation	1. e4 Nf6 2. e5 Ng8
B02	Alekhine Defense: Brooklyn Variation, Everglades Variation	1. e4 Nf6 2. e5 Ng8 3. d4 f5
B02	Alekhine Defense: Buckley Attack	1. e4 Nf6 2. e5 Nd5 3. Na3
B02	Alekhine Defense: Hunt Variation, Lasker Simul Gambit	1. e4 Nf6 2. e5 Nd5 3. c4 Nb6 4. c5 Nd5 5. Bc4 e6 6. Nc3
B02	Alekhine Defense: Hunt Variation, Matsukevich Gambit	1. e4 Nf6 2. e5 Nd5 3. c4 Nb6 4. c5 Nd5 5. Nc3 Nxc3 6. dxc3 d6 7. Bg5
B02	Alekhine Defense: Hunt Variation, Mikenas Gambit	1. e4 Nf6 2. e5 Nd5 3. c4 Nb6 4. c5 Nd5 5. Bc4 e6 6. Nc3 d6 7. Nxd5 exd5 8. Bxd5
B02	Alekhine Defense: Kmoch Variation	1. e4 Nf6 2. e5 Nd5 3. Bc4 Nb6 4. Bb3 c5 5. d3
B02	Alekhine Defense: Krejcik Variation	1. e4 Nf6 2. Bc4
B02	Alekhine Defense: Krejcik Variation, Krejcik Gambit	1. e4 Nf6 2. Bc4 Nxe4 3. Bxf7+
B02	Alekhine Defense: Maróczy Variation	1. e4 Nf6 2. d3
B02	Alekhine Defense: Mokele Mbembe	1. e4 Nf6 2. e5 Ne4
B02	Alekhine Defense: Mokele Mbembe, Modern Line	1. e4 Nf6 2. e5 Ne4 3. d4 f6
B02	Alekhine Defense: Mokele Mbembe, Vavra Defense	1. e4 Nf6 2. e5 Ne4 3. d4 e6
B02	Alekhine Defense: Normal Variation	1. e4 Nf6 2. e5 Nd5
B02	Alekhine Defense: Scandinavian Variation	1. e4 Nf6 2. Nc3 d5
B02	Alekhine Defense: Scandinavian Variation, Geschev Gambit	1. e4 Nf6 2. Nc3 d5 3. exd5 c6
B02	Alekhine Defense: Scandinavian Variation, Myers Gambit	1. e4 Nf6 2. Nc3 d5 3. d3 dxe4 4. Bg5
B02	Alekhine Defense: Spielmann Gambit	1. e4 Nf6 2. Nc3 d5 3. e5 Nfd7 4. e6
B02	Alekhine Defense: Steiner Variation	1. e4 Nf6 2. e5 Nd5 3. c4 Nb6 4. b3
B02	Alekhine Defense: Sämisch Attack	1. e4 Nf6 2. e5 Nd5 3. Nc3
B02	Alekhine Defense: The Squirrel	1. e4 Nf6 2. e5 Nd5 3. c4 Nf4
B02	Alekhine Defense: Two Pawns Attack	1. e4 Nf6 2. e5 Nd5 3. c4
B02	Alekhine Defense: Two Pawns Attack, Lasker Variation	1. e4 Nf6 2. e5 Nd5 3. c4 Nb6 4. c5
B02	Alekhine Defense: Two Pawns Attack, Mikenas Variation	1. e4 Nf6 2. e5 Nd5 3. c4 Nb6 4. c5 Nd5 5. Bc4 e6 6. Nc3 d6
B02	Alekhine Defense: Two Pawns Attack, Tate Variation	1. e4 Nf6 2. e5 Nd5 3. c4 Nb6 4. a4
B02	Alekhine Defense: Welling Variation	1. e4 Nf6 2. e5 Nd5 3. b3
B03	Alekhine Defense	1. e4 Nf6 2. e5 Nd5 3. d4
B03	Alekhine Defense	1. e4 Nf6 2. e5 Nd5 3. d4 d6
B03	Alekhine Defense	1. e4 Nf6 2. e5 Nd5 3. d4 d6 4. c4
B03	Alekhine Defense: Balogh Variation	1. e4 Nf6 2. e5 Nd5 3. d4 d6 4. Bc4
B03	Alekhine Defense: Exchange Variation	1. e4 Nf6 2. e5 Nd5 3. d4 d6 4. c4 Nb6 5. exd6
B03	Alekhine Defense: Exchange Variation, Karpov Variation	1. e4 Nf6 2. e5 Nd5 3. d4 d6 4. c4 Nb6 5. exd6 cxd6 6. Nc3 g6 7. h3 Bg7 8. Nf3 O-O 9. Be2 Nc6 10. O-O Bf5 11. Bf4
B03	Alekhine Defense: Exchange Variation, Voronezh Variation	1. e4 Nf6 2. e5 Nd5 3. d4 d6 4. c4 Nb6 5. exd6 cxd6 6. Nc3 g6 7. Be3 Bg7 8. Rc1 O-O 9. b3
B03	Alekhine Defense: Four Pawns Attack	1. e4 Nf6 2. e5 Nd5 3. d4 d6 4. c4 Nb6 5. f4
B03	Alekhine Defense: Four Pawns Attack, Cambridge Gambit	1. e4 Nf6 2. e5 Nd5 3. d4 d6 4. c4 Nb6 5. f4 g5
B03	Alekhine Defense: Four Pawns Attack, Fianchetto Variation	1. e4 Nf6 2. e5 Nd5 3. d4 d6 4. c4 Nb6 5. f4 g6
B03	Alekhine Defense: Four Pawns Attack, Ilyin-Zhenevsky Variation	1. e4 Nf6 2. e5 Nd5 3. d4 d6 4. c4 Nb6 5. f4 dxe5 6. fxe5 Nc6 7. Nf3 Bg4 8. e6 fxe6 9. c5
B03	Alekhine Defense: Four Pawns Attack, Korchnoi Variation	1. e4 Nf6 2. e5 Nd5 3. d4 d6 4. c4 Nb6 5. f4 dxe5 6. fxe5 Bf5 7. Nc3 e6 8. Nf3 Be7 9. Be2 O-O 10. O-O f6
B03	Alekhine Defense: Four Pawns Attack, Main Line	1. e4 Nf6 2. e5 Nd5 3. d4 d6 4. c4 Nb6 5. f4 dxe5 6. fxe5 Nc6 7. Be3
B03	Alekhine Defense: Four Pawns Attack, Tartakower Variation	1. e4 Nf6 2. e5 Nd5 3. d4 d6 4. c4 Nb6 5. f4 dxe5 6. fxe5 Nc6 7. Be3 Bf5 8. Nc3 e6 9. Nf3 Qd7 10. Be2 O-O-O 11. O-O Be7
B03	Alekhine Defense: Four Pawns Attack, Trifunovic Variation	1. e4 Nf6 2. e5 Nd5 3. d4 d6 4. c4 Nb6 5. f4 Bf5
B03	Alekhine Defense: Hunt Variation	1. e4 Nf6 2. e5 Nd5 3. d4 d6 4. c4 Nb6 5. c5
B03	Alekhine Defense: Modern Variation, Alekhine Gambit	1. e4 Nf6 2. e5 Nd5 3. d4 d6 4. c4 Nb6 5. Nf3 Bg4 6. Be2
B03	Alekhine Defense: O'Sullivan Gambit	1. e4 Nf6 2. e5 Nd5 3. d4 b5
B04	Alekhine Defense: Modern Variation	1. e4 Nf6 2. e5 Nd5 3. d4 d6 4. Nf3
B04	Alekhine Defense: Modern Variation, Alburt Variation	1. e4 Nf6 2. e5 Nd5 3. d4 d6 4. Nf3 g6
B04	Alekhine Defense: Modern Variation, Keres Variation	1. e4 Nf6 2. e5 Nd5 3. d4 d6 4. Nf3 g6 5. Bc4 Nb6 6. Bb3 Bg7 7. a4
B04	Alekhine Defense: Modern Variation, Larsen Variation	1. e4 Nf6 2. e5 Nd5 3. d4 d6 4. Nf3 dxe5
B04	Alekhine Defense: Modern Variation, Larsen-Haakert Variation	1. e4 Nf6 2. e5 Nd5 3. d4 d6 4. Nf3 Nc6
B04	Alekhine Defense: Modern Variation, Schmid Variation	1. e4 Nf6 2. e5 Nd5 3. d4 d6 4. Nf3 Nb6
B05	Alekhine Defense: Modern Variation, Alekhine Variation	1. e4 Nf6 2. e5 Nd5 3. d4 d6 4. Nf3 Bg4 5. c4
B05	Alekhine Defense: Modern Variation, Flohr Variation	1. e4 Nf6 2. e5 Nd5 3. d4 d6 4. Nf3 Bg4 5. Be2 c6
B05	Alekhine Defense: Modern Variation, Main Line	1. e4 Nf6 2. e5 Nd5 3. d4 d6 4. Nf3 Bg4
B05	Alekhine Defense: Modern Variation, Panov Variation	1. e4 Nf6 2. e5 Nd5 3. d4 d6 4. Nf3 Bg4 5. h3
B05	Alekhine Defense: Modern Variation, Vitolins Attack	1. e4 Nf6 2. e5 Nd5 3. d4 d6 4. Nf3 Bg4 5. c4 Nb6 6. d5
B06	Modern Defense	1. e4 g6
B06	Modern Defense	1. e4 g6 2. d4 Bg7
B06	Modern Defense: Anti-Modern	1. e4 g6 2. d4 Bg7 3. Nc3 c6 4. Bc4 d6 5. Qe2
B06	Modern Defense: Bishop Attack	1. e4 g6 2. d4 Bg7 3. Bc4
B06	Modern Defense: Bishop Attack, Bücker Gambit	1. e4 g6 2. d4 Bg7 3. Bc4 b5
B06	Modern Defense: Bishop Attack, Monkey's Bum	1. e4 g6 2. Bc4 Bg7 3. Qf3 e6 4. d4 Bxd4
B06	Modern Defense: Dunworthy Variation	1. e4 g6 2. d4 Bg7 3. c4 d5 4. exd5 c6 5. dxc6 Bxd4
B06	Modern Defense: Fianchetto Gambit	1. e4 g6 2. d4 f5
B06	Modern Defense: Gurgenidze Defense	1. e4 g6 2. d4 Bg7 3. Nc3 c6 4. f4 d5 5. e5 h5
B06	Modern Defense: Lizard Defense, Mittenberger Gambit	1. e4 g6 2. d4 Bg7 3. Nc3 d5
B06	Modern Defense: Masur Gambit	1. e4 g6 2. d4 Nh6 3. Nc3 f5 4. Bxh6 Bxh6 5. exf5 O-O
B06	Modern Defense: Modern Pterodactyl	1. e4 g6 2. d4 Bg7 3. Nc3 c5
B06	Modern Defense: Mongredien Defense, with Nc3	1. e4 g6 2. d4 Bg7 3. Nc3 b6
B06	Modern Defense: Mongredien Defense, with Nf3	1. e4 g6 2. d4 Bg7 3. Nf3 b6
B06	Modern Defense: Norwegian Defense	1. e4 g6 2. d4 Nf6
B06	Modern Defense: Norwegian Defense, Norwegian Gambit	1. e4 g6 2. d4 Nf6 3. e5 Nh5 4. Be2 d6
B06	Modern Defense: Pseudo-Austrian Attack	1. e4 g6 2. d4 Bg7 3. Nc3 d6 4. f4
B06	Modern Defense: Semi-Averbakh Variation, Pterodactyl Variation Declined	1. e4 g6 2. d4 Bg7 3. c4 c5 4. Nf3 d6 5. Be2 Qa5+
B06	Modern Defense: Standard Defense	1. e4 g6 2. d4 Bg7 3. Nc3 d6
B06	Modern Defense: Standard Line	1. e4 g6 2. d4 Bg7 3. Nc3
B06	Modern Defense: Three Pawns Attack	1. e4 g6 2. d4 Bg7 3. f4
B06	Modern Defense: Two Knights Variation	1. e4 g6 2. d4 Bg7 3. Nc3 d6 4. Nf3
B06	Modern Defense: Two Knights Variation, Suttles Variation	1. e4 g6 2. d4 Bg7 3. Nc3 c6 4. Nf3 d6
B06	Modern Defense: Two Knights Variation, Suttles Variation, Tal Gambit	1. e4 g6 2. d4 Bg7 3. Nc3 d6 4. Nf3 c6 5. Bg5 Qb6 6. Qd2 Qxb2
B06	Modern Defense: Westermann Gambit	1. e4 g6 2. d4 Bg7 3. Bd2
B06	Modern Defense: Wind Gambit	1. e4 g6 2. d4 Bg7 3. Bd3
B06	Pterodactyl Defense: Austrian, Austriadactylus Western	1. e4 g6 2. d4 Bg7 3. f4 c5 4. Nf3 Qa5+
B06	Pterodactyl Defense: Austrian, Grand Prix Pterodactyl	1. e4 g6 2. Nc3 Bg7 3. f4 c5 4. Nf3 Qa5
B06	Pterodactyl Defense: Austrian, Pteranodon	1. e4 g6 2. d4 Bg7 3. f4 c5 4. c3 Qa5
B06	Pterodactyl Defense: Central, Anhanguera	1. e4 g6 2. d4 Bg7 3. c4 c5 4. Nc3 d6 5. Be3 Qa5
B06	Pterodactyl Defense: Central, Benoni Quetzalcoatlus	1. e4 g6 2. d4 Bg7 3. c4 c5 4. d5 d6 5. Nc3 Qa5
B06	Pterodactyl Defense: Central, Quetzalcoatlus Gambit	1. e4 g6 2. d4 Bg7 3. c4 c5 4. Nc3 d6 5. dxc5 Qa5
B06	Pterodactyl Defense: Eastern, Anhanguera	1. e4 g6 2. d4 Bg7 3. Nc3 c5 4. Be3
B06	Pterodactyl Defense: Eastern, Benoni	1. d4 g6 2. e4 Bg7 3. Nc3 c5 4. d5
B06	Pterodactyl Defense: Eastern, Benoni Pteranodon	1. e4 g6 2. d4 Bg7 3. Nc3 c5 4. d5 Bxc3+ 5. bxc3 Qa5
B06	Pterodactyl Defense: Eastern, Benoni Pterodactyl	1. d4 g6 2. Nc3 Bg7 3. e4 c5 4. d5 Qa5
B06	Pterodactyl Defense: Eastern, Pteranodon	1. e4 g6 2. d4 Bg7 3. Nc3 c5 4. dxc5 Bxc3+ 5. bxc3 Qa5
B06	Pterodactyl Defense: Eastern, Pterodactyl	1. e4 g6 2. d4 Bg7 3. Nc3 c5 4. dxc5 Qa5
B06	Pterodactyl Defense: Eastern, Rhamphorhynchus	1. e4 g6 2. d4 Bg7 3. Nc3 c5 4. dxc5
B06	Pterodactyl Defense: Fianchetto, King Pterodactyl	1. e4 g6 2. d4 Bg7 3. g3 c5 4. Nf3 Qa5+
B06	Pterodactyl Defense: Fianchetto, Rhamphorhynchus	1. e4 g6 2. d4 Bg7 3. g3 c5 4. dxc5 Qa5+
B06	Pterodactyl Defense: Sicilian, Quetzalcoatlus	1. e4 g6 2. d4 Bg7 3. Nc3 c5 4. Nf3 Qa5 5. Be2 d6
B06	Pterodactyl Defense: Sicilian, Siroccopteryx	1. e4 g6 2. d4 Bg7 3. Nc3 c5 4. Nf3 Qa5 5. Bc4
B06	Pterodactyl Defense: Western, Anhanguera	1. e4 g6 2. d4 Bg7 3. Nf3 c5 4. Be3 Qa5+
B06	Pterodactyl Defense: Western, Siroccopteryx	1. e4 g6 2. Nf3 Bg7 3. d4 c5 4. Bc4 cxd4 5. Nxd4 Qa5+
B06	Rat Defense: Accelerated Gurgenidze	1. e4 g6 2. d4 d6 3. Nc3 c6
B07	Czech Defense	1. e4 d6 2. d4 Nf6 3. Nc3 c6
B07	King's Pawn Game: Maróczy Defense	1. e4 d6 2. d4 e5
B07	Lion Defense: Anti-Philidor	1. e4 d6 2. d4 Nf6 3. Nc3 Nbd7 4. f4
B07	Lion Defense: Anti-Philidor, Lion's Cave	1. e4 d6 2. d4 Nf6 3. Nc3 Nbd7 4. f4 e5
B07	Lion Defense: Anti-Philidor, Lion's Cave, Lion Claw Gambit	1. e4 d6 2. d4 Nf6 3. Nc3 Nbd7 4. f4 e5 5. Nf3 exd4 6. Qxd4 c6 7. Bc4 d5
B07	Lion Defense: Bayonet Attack	1. e4 d6 2. d4 Nf6 3. Nc3 Nbd7 4. g4
B07	Modern Defense: Geller's System	1. e4 g6 2. d4 Bg7 3. Nf3 d6 4. c3
B07	Pirc Defense	1. e4 d6 2. d4 Nf6 3. Nc3 g6
B07	Pirc Defense: 150 Attack	1. e4 d6 2. d4 Nf6 3. Nc3 g6 4. Be3 c6 5. Qd2
B07	Pirc Defense: 150 Attack, Inner Doll Defense	1. e4 d6 2. d4 Nf6 3. Nc3 g6 4. Be3 c6 5. Qd2 Bg4
B07	Pirc Defense: 150 Attack, Sveshnikov-Jansa Attack	1. e4 d6 2. d4 Nf6 3. Nc3 g6 4. Be3 c6 5. h3
B07	Pirc Defense: Bayonet Attack	1. e4 d6 2. d4 Nf6 3. Nc3 g6 4. Be2 Bg7 5. h4
B07	Pirc Defense: Byrne Variation	1. e4 d6 2. d4 Nf6 3. Nc3 g6 4. Bg5
B07	Pirc Defense: Chinese Variation	1. e4 d6 2. d4 Nf6 3. Nc3 g6 4. Be2 Bg7 5. g4
B07	Pirc Defense: Kholmov System	1. e4 d6 2. d4 Nf6 3. Nc3 g6 4. Bc4
B07	Pirc Defense: Sveshnikov System	1. e4 d6 2. d4 Nf6 3. Nc3 g6 4. g3
B08	Pirc Defense: Classical Variation	1. e4 d6 2. d4 Nf6 3. Nc3 g6 4. Nf3
B08	Pirc Defense: Classical Variation	1. e4 d6 2. d4 Nf6 3. Nc3 g6 4. Nf3 Bg7
B08	Pirc Defense: Classical Variation, Quiet System	1. e4 d6 2. d4 Nf6 3. Nc3 g6 4. Nf3 Bg7 5. Be2
B08	Pirc Defense: Classical Variation, Quiet System, Chigorin Line	1. e4 d6 2. d4 Nf6 3. Nc3 g6 4. Nf3 Bg7 5. Be2 O-O 6. O-O Nc6
B08	Pirc Defense: Classical Variation, Quiet System, Czech Defense	1. e4 d6 2. d4 Nf6 3. Nc3 g6 4. Nf3 Bg7 5. Be2 O-O 6. O-O c6
B08	Pirc Defense: Classical Variation, Quiet System, Parma Defense	1. e4 d6 2. d4 Nf6 3. Nc3 g6 4. Nf3 Bg7 5. Be2 O-O 6. O-O Bg4
B08	Pirc Defense: Classical Variation, Schlechter Variation	1. e4 d6 2. d4 Nf6 3. Nc3 g6 4. Nf3 Bg7 5. h3
B09	Pirc Defense: Austrian Attack	1. e4 d6 2. d4 Nf6 3. Nc3 g6 4. f4
B09	Pirc Defense: Austrian Attack	1. e4 d6 2. d4 Nf6 3. Nc3 g6 4. f4 Bg7 5. Nf3 O-O
B09	Pirc Defense: Austrian Attack, Dragon Formation	1. e4 d6 2. d4 Nf6 3. Nc3 g6 4. f4 Bg7 5. Nf3 c5
B09	Pirc Defense: Austrian Attack, Kurajica Variation	1. e4 d6 2. d4 Nf6 3. Nc3 g6 4. f4 Bg7 5. Nf3 O-O 6. Be3
B09	Pirc Defense: Austrian Attack, Ljubojevic Variation	1. e4 d6 2. d4 Nf6 3. Nc3 g6 4. f4 Bg7 5. Bc4
B09	Pirc Defense: Austrian Attack, Unzicker Attack	1. e4 d6 2. d4 Nf6 3. Nc3 g6 4. f4 Bg7 5. Nf3 O-O 6. e5
B09	Pirc Defense: Austrian Attack, Unzicker Attack, Bronstein Variation	1. e4 d6 2. d4 Nf6 3. Nc3 g6 4. f4 Bg7 5. Nf3 O-O 6. e5 Nfd7 7. h4
B09	Pirc Defense: Austrian Attack, Weiss Variation	1. e4 d6 2. d4 Nf6 3. Nc3 g6 4. f4 Bg7 5. Nf3 O-O 6. Bd3
B10	Caro-Kann Defense	1. e4 c6
B10	Caro-Kann Defense	1. e4 c6 2. Nc3
B10	Caro-Kann Defense	1. e4 c6 2. Nc3 d5
B10	Caro-Kann Defense: Accelerated Panov Attack	1. e4 c6 2. c4
B10	Caro-Kann Defense: Accelerated Panov Attack	1. e4 c6 2. c4 d5
B10	Caro-Kann Defense: Accelerated Panov Attack, Modern Variation	1. e4 c6 2. c4 d5 3. exd5 cxd5 4. cxd5 Nf6
B10	Caro-Kann Defense: Accelerated Panov Attack, Open Variation	1. e4 c6 2. c4 e5
B10	Caro-Kann Defense: Accelerated Panov Attack, Pseudo-Scandinavian	1. e4 c6 2. c4 d5 3. exd5 Qxd5
B10	Caro-Kann Defense: Accelerated Panov Attack, Van Weersel Attack	1. e4 c6 2. c4 d5 3. cxd5 cxd5 4. Qb3
B10	Caro-Kann Defense: Apocalypse Attack	1. e4 c6 2. Nf3 d5 3. exd5 cxd5 4. Ne5
B10	Caro-Kann Defense: Breyer Variation	1. e4 c6 2. d3
B10	Caro-Kann Defense: Breyer Variation, Stein Attack	1. e4 c6 2. d3 d5 3. Nd2 g6 4. Ngf3 Bg7 5. g3 e5 6. Bg2 Ne7 7. O-O O-O 8. b4
B10	Caro-Kann Defense: Endgame Offer	1. e4 c6 2. Nf3 d5 3. d3
B10	Caro-Kann Defense: Endgame Variation	1. e4 c6 2. Nf3 d5 3. d3 dxe4 4. dxe4 Qxd1+ 5. Kxd1
B10	Caro-Kann Defense: Euwe Attack	1. e4 c6 2. b3
B10	Caro-Kann Defense: Goldman Variation	1. e4 c6 2. Nc3 d5 3. Qf3
B10	Caro-Kann Defense: Hector Gambit	1. e4 c6 2. Nc3 d5 3. Nf3 dxe4 4. Ng5
B10	Caro-Kann Defense: Hillbilly Attack	1. e4 c6 2. Bc4
B10	Caro-Kann Defense: Hillbilly Attack, Schaeffer Gambit	1. e4 c6 2. Bc4 d5 3. Bb3 dxe4 4. Qh5
B10	Caro-Kann Defense: Labahn Attack	1. e4 c6 2. b4
B10	Caro-Kann Defense: Labahn Attack, Double Gambit	1. e4 c6 2. b4 d5 3. b5
B10	Caro-Kann Defense: Labahn Attack, Polish Variation	1. e4 c6 2. b4 e5 3. Bb2
B10	Caro-Kann Defense: Scorpion-Horus Gambit	1. e4 c6 2. Nc3 d5 3. d3 dxe4 4. Bg5
B10	Caro-Kann Defense: Spike Variation	1. e4 c6 2. g4
B10	Caro-Kann Defense: Spike Variation, Scorpion-Grob Gambit	1. e4 c6 2. g4 d5 3. Nc3 dxe4 4. d3
B10	Caro-Kann Defense: St. Patrick's Attack	1. e4 c6 2. Nc3 d5 3. h3
B10	Caro-Kann Defense: Toikkanen Gambit	1. e4 c6 2. c4 d5 3. e5
B10	Caro-Kann Defense: Two Knights Attack	1. e4 c6 2. Nc3 d5 3. Nf3
B11	Caro-Kann Defense: Two Knights Attack, Mindeno Variation	1. e4 c6 2. Nc3 d5 3. Nf3 Bg4
B11	Caro-Kann Defense: Two Knights Attack, Mindeno Variation, Exchange Line	1. e4 c6 2. Nc3 d5 3. Nf3 Bg4 4. h3 Bxf3
B11	Caro-Kann Defense: Two Knights Attack, Mindeno Variation, Retreat Line	1. e4 c6 2. Nc3 d5 3. Nf3 Bg4 4. h3 Bh5
B12	Caro-Kann Defense	1. e4 c6 2. d4
B12	Caro-Kann Defense	1. e4 c6 2. d4 d5
B12	Caro-Kann Defense: Advance Variation	1. e4 c6 2. d4 d5 3. e5
B12	Caro-Kann Defense: Advance Variation, Bayonet Attack	1. e4 c6 2. d4 d5 3. e5 Bf5 4. g4
B12	Caro-Kann Defense: Advance Variation, Botvinnik-Carls Defense	1. e4 c6 2. d4 d5 3. e5 c5
B12	Caro-Kann Defense: Advance Variation, Bronstein Variation	1. e4 c6 2. d4 d5 3. e5 Bf5 4. Ne2
B12	Caro-Kann Defense: Advance Variation, Prins Attack	1. e4 c6 2. d4 d5 3. e5 Bf5 4. b4
B12	Caro-Kann Defense: Advance Variation, Short Variation	1. e4 c6 2. d4 d5 3. e5 Bf5 4. Nf3
B12	Caro-Kann Defense: Advance Variation, Tal Variation	1. e4 c6 2. d4 d5 3. e5 Bf5 4. h4
B12	Caro-Kann Defense: Advance Variation, Van der Wiel Attack	1. e4 c6 2. d4 d5 3. e5 Bf5 4. Nc3
B12	Caro-Kann Defense: Advance Variation, Van der Wiel Attack	1. e4 c6 2. d4 d5 3. e5 Bf5 4. Nc3 e6 5. g4 Bg6 6. Nge2 c5 7. h4
B12	Caro-Kann Defense: Advance Variation, Van der Wiel Attack, Dreyev Defense	1. e4 c6 2. d4 d5 3. e5 Bf5 4. Nc3 Qb6
B12	Caro-Kann Defense: Advance, Short Variation	1. e4 c6 2. d4 d5 3. e5 Bf5 4. c3 e6 5. Be2
B12	Caro-Kann Defense: De Bruycker Defense	1. e4 c6 2. d4 Na6
B12	Caro-Kann Defense: De Bruycker Defense	1. e4 c6 2. d4 Na6 3. Nc3 Nc7
B12	Caro-Kann Defense: Edinburgh Variation	1. e4 c6 2. d4 d5 3. Nd2 Qb6
B12	Caro-Kann Defense: Maróczy Variation	1. e4 c6 2. d4 d5 3. f3
B12	Caro-Kann Defense: Maróczy Variation, Maróczy Gambit	1. e4 c6 2. d4 d5 3. f3 dxe4 4. fxe4 e5 5. Nf3 exd4 6. Bc4
B12	Caro-Kann Defense: Masi Variation	1. e4 c6 2. d4 Nf6
B12	Caro-Kann Defense: Massachusetts Defense	1. e4 c6 2. d4 f5
B12	Caro-Kann Defense: Mieses Attack, Landau Gambit	1. e4 c6 2. d4 d5 3. Bd3 Nf6 4. e5 Nfd7 5. e6
B12	Caro-Kann Defense: Mieses Gambit	1. e4 c6 2. d4 d5 3. Be3
B12	Caro-Kann Defense: Modern Variation	1. e4 c6 2. d4 d5 3. Nd2
B12	Caro-Kann Defense: Ulysses Gambit	1. e4 c6 2. d4 d5 3. Nf3 dxe4 4. Ng5
B13	Caro-Kann Defense: Exchange Variation	1. e4 c6 2. d4 d5 3. exd5
B13	Caro-Kann Defense: Exchange Variation	1. e4 c6 2. d4 d5 3. exd5 cxd5 4. Nf3 Nc6
B13	Caro-Kann Defense: Exchange Variation, Bulla Attack	1. e4 c6 2. d4 d5 3. exd5 cxd5 4. g4
B13	Caro-Kann Defense: Exchange Variation, Rubinstein Variation	1. e4 c6 2. d4 d5 3. exd5 cxd5 4. Bd3 Nc6 5. c3 Nf6 6. Bf4
B13	Caro-Kann Defense: Panov Attack	1. e4 c6 2. d4 d5 3. exd5 cxd5 4. c4
B13	Caro-Kann Defense: Panov Attack	1. e4 c6 2. d4 d5 3. exd5 cxd5 4. c4 Nf6 5. Nc3
B13	Caro-Kann Defense: Panov Attack, Gunderam Attack	1. e4 c6 2. d4 d5 3. exd5 cxd5 4. c4 Nf6 5. c5
B13	Caro-Kann Defense: Panov Attack, Modern Defense	1. e4 c6 2. d4 d5 3. exd5 cxd5 4. c4 Nf6 5. Nc3 Nc6
B13	Caro-Kann Defense: Panov Attack, Modern Defense, Carlsbad Line	1. e4 c6 2. d4 d5 3. exd5 cxd5 4. c4 Nf6 5. Nc3 Nc6 6. Bg5 e6
B13	Caro-Kann Defense: Panov Attack, Modern Defense, Czerniak Line	1. e4 c6 2. d4 d5 3. exd5 cxd5 4. c4 Nf6 5. Nc3 Nc6 6. Bg5 Qa5
B13	Caro-Kann Defense: Panov Attack, Modern Defense, Mieses Line	1. e4 c6 2. d4 d5 3. exd5 cxd5 4. c4 Nf6 5. Nc3 Nc6 6. Nf3 Bg4
B13	Caro-Kann Defense: Panov Attack, Modern Defense, Reifir-Spielmann Line	1. e4 c6 2. d4 d5 3. exd5 cxd5 4. c4 Nf6 5. Nc3 Nc6 6. Bg5 Qb6
B13	Caro-Kann Defense: Panov-Botvinnik, Herzog Defense	1. e4 c6 2. d4 d5 3. exd5 cxd5 4. c4 Nf6 5. Nc3 Nc6 6. Bg5 dxc4 7. d5 Na5
B14	Caro-Kann Defense: Panov Attack	1. e4 c6 2. d4 d5 3. exd5 cxd5 4. c4 Nf6 5. Nc3 e6
B14	Caro-Kann Defense: Panov Attack, Fianchetto Defense	1. e4 c6 2. d4 d5 3. exd5 cxd5 4. c4 Nf6 5. Nc3 g6
B14	Caro-Kann Defense: Panov Attack, Fianchetto Defense, Fianchetto Gambit	1. e4 c6 2. d4 d5 3. exd5 cxd5 4. c4 Nf6 5. Nc3 g6 6. cxd5 Bg7
B14	Caro-Kann Defense: Panov Attack, Main Line	1. e4 c6 2. d4 d5 3. exd5 cxd5 4. c4 Nf6 5. Nc3 e6 6. Nf3 Bb4
B15	Caro-Kann Defense	1. e4 c6 2. d4 d5 3. Nc3
B15	Caro-Kann Defense	1. e4 c6 2. d4 d5 3. Nc3 dxe4
B15	Caro-Kann Defense: Alekhine Gambit	1. e4 c6 2. d4 d5 3. Nc3 dxe4 4. Nxe4 Nf6 5. Bd3
B15	Caro-Kann Defense: Alien Gambit	1. e4 c6 2. d4 d5 3. Nc3 dxe4 4. Nxe4 Nf6 5. Ng5 h6 6. Nxf7
B15	Caro-Kann Defense: Campomanes Attack	1. e4 c6 2. d4 d5 3. Nc3 Nf6
B15	Caro-Kann Defense: Forgacs Variation	1. e4 c6 2. d4 d5 3. Nc3 dxe4 4. Nxe4 Nf6 5. Nxf6+ exf6 6. Bc4
B15	Caro-Kann Defense: Gurgenidze Counterattack	1. e4 c6 2. d4 d5 3. Nc3 b5
B15	Caro-Kann Defense: Gurgenidze System	1. e4 c6 2. d4 d5 3. Nc3 g6
B15	Caro-Kann Defense: Main Line	1. e4 c6 2. d4 d5 3. Nd2 dxe4 4. Nxe4
B15	Caro-Kann Defense: Rasa-Studier Gambit	1. e4 c6 2. d4 d5 3. Nc3 dxe4 4. f3
B15	Caro-Kann Defense: Tartakower Variation	1. e4 c6 2. d4 d5 3. Nc3 dxe4 4. Nxe4 Nf6 5. Nxf6+ exf6
B15	Caro-Kann Defense: von Hennig Gambit	1. e4 c6 2. d4 d5 3. Nc3 dxe4 4. Bc4
B16	Caro-Kann Defense: Bronstein-Larsen Variation	1. e4 c6 2. d4 d5 3. Nc3 dxe4 4. Nxe4 Nf6 5. Nxf6+ gxf6
B16	Caro-Kann Defense: Finnish Variation	1. e4 c6 2. d4 d5 3. Nd2 dxe4 4. Nxe4 h6
B17	Caro-Kann Defense: Karpov Variation	1. e4 c6 2. d4 d5 3. Nd2 dxe4 4. Nxe4 Nd7
B17	Caro-Kann Defense: Karpov Variation, Modern Main Line	1. e4 c6 2. d4 d5 3. Nd2 dxe4 4. Nxe4 Nd7 5. Ng5 Ngf6 6. Bd3 e6 7. N1f3 Bd6 8. Qe2 h6 9. Ne4 Nxe4 10. Qxe4
B17	Caro-Kann Defense: Karpov Variation, Modern Variation	1. e4 c6 2. d4 d5 3. Nd2 dxe4 4. Nxe4 Nd7 5. Ng5
B17	Caro-Kann Defense: Karpov Variation, Modern Variation, Ivanchuk Defense	1. e4 c6 2. d4 d5 3. Nd2 dxe4 4. Nxe4 Nd7 5. Ng5 Ndf6
B17	Caro-Kann Defense: Karpov Variation, Modern Variation, Kasparov Attack	1. e4 c6 2. d4 d5 3. Nc3 dxe4 4. Nxe4 Nd7 5. Nf3 Ngf6 6. Ng3
B17	Caro-Kann Defense: Karpov Variation, Smyslov Variation	1. e4 c6 2. d4 d5 3. Nd2 dxe4 4. Nxe4 Nd7 5. Bc4 Ngf6 6. Ng5 e6 7. Qe2 Nb6
B17	Caro-Kann Defense: Karpov Variation, Smyslov Variation, Main Line	1. e4 c6 2. d4 d5 3. Nd2 dxe4 4. Nxe4 Nd7 5. Bc4 Ngf6 6. Ng5 e6 7. Qe2 Nb6 8. Bb3
B17	Caro-Kann Defense: Karpov Variation, Tiviakov-Fischer Attack	1. e4 c6 2. d4 d5 3. Nd2 dxe4 4. Nxe4 Nd7 5. Bc4 Ngf6 6. Nxf6+ Nxf6
B18	Caro-Kann Defense: Classical Variation	1. e4 c6 2. d4 d5 3. Nd2 dxe4 4. Nxe4 Bf5
B18	Caro-Kann Defense: Classical Variation, Flohr Variation	1. e4 c6 2. d4 d5 3. Nd2 dxe4 4. Nxe4 Bf5 5. Ng3 Bg6 6. Nh3
B18	Caro-Kann Defense: Classical Variation, Main Line	1. e4 c6 2. d4 d5 3. Nd2 dxe4 4. Nxe4 Bf5 5. Ng3 Bg6 6. h4
B18	Caro-Kann Defense: Classical Variation, Maróczy Attack	1. e4 c6 2. d4 d5 3. Nd2 dxe4 4. Nxe4 Bf5 5. Ng3 Bg6 6. f4
B18	Caro-Kann Defense: Martian Gambit	1. e4 c6 2. d4 d5 3. Nd2 dxe4 4. Nxe4 Bf5 5. Ng5 Bg6 6. N1f3 h6 7. Ne6
B19	Caro-Kann Defense: Classical Variation	1. e4 c6 2. d4 d5 3. Nd2 dxe4 4. Nxe4 Bf5 5. Ng3 Bg6 6. h4 h6 7. Nf3 Nd7
B19	Caro-Kann Defense: Classical Variation, Lobron System	1. e4 c6 2. d4 d5 3. Nd2 dxe4 4. Nxe4 Bf5 5. Ng3 Bg6 6. h4 h6 7. Nf3 Nd7 8. h5 Bh7 9. Bd3 Bxd3 10. Qxd3 e6 11. Bd2 Ngf6 12. O-O-O Be7
B19	Caro-Kann Defense: Classical Variation, Seirawan Variation	1. e4 c6 2. d4 d5 3. Nd2 dxe4 4. Nxe4 Bf5 5. Ng3 Bg6 6. h4 h6 7. Nf3 Nd7 8. h5 Bh7 9. Bd3 Bxd3 10. Qxd3 Ngf6 11. Bd2 e6 12. O-O-O Bd6
B19	Caro-Kann Defense: Classical Variation, Spassky Variation	1. e4 c6 2. d4 d5 3. Nd2 dxe4 4. Nxe4 Bf5 5. Ng3 Bg6 6. h4 h6 7. Nf3 Nd7 8. h5
B20	Sicilian Defense	1. e4 c5
B20	Sicilian Defense: Amazon Attack	1. e4 c5 2. Qg4
B20	Sicilian Defense: Big Clamp Formation	1. e4 c5 2. d3 Nc6 3. c3 d6 4. f4
B20	Sicilian Defense: Bowdler Attack	1. e4 c5 2. Bc4
B20	Sicilian Defense: Brick Variation	1. e4 c5 2. Nh3
B20	Sicilian Defense: Euwe Attack, Prins Gambit	1. e4 c5 2. b3 d5 3. Bb2
B20	Sicilian Defense: Gloria Variation	1. e4 c5 2. c4 d6 3. Nc3 Nc6 4. g3 h5
B20	Sicilian Defense: Grob Variation	1. e4 c5 2. g4
B20	Sicilian Defense: Keres Variation	1. e4 c5 2. Ne2
B20	Sicilian Defense: King David's Opening	1. e4 c5 2. Ke2
B20	Sicilian Defense: Kronberger Variation	1. e4 c5 2. Na3
B20	Sicilian Defense: Kronberger Variation, Nemeth Gambit	1. e4 c5 2. Na3 Nc6 3. d4 cxd4 4. Bc4
B20	Sicilian Defense: Lasker-Dunne Attack	1. e4 c5 2. g3
B20	Sicilian Defense: Mengarini Variation	1. e4 c5 2. a3
B20	Sicilian Defense: Myers Attack, with a4	1. e4 c5 2. a4
B20	Sicilian Defense: Myers Attack, with h4	1. e4 c5 2. h4
B20	Sicilian Defense: Snyder Variation	1. e4 c5 2. b3
B20	Sicilian Defense: Snyder Variation, Queen Fianchetto Variation	1. e4 c5 2. b3 b6
B20	Sicilian Defense: Staunton-Cochrane Variation	1. e4 c5 2. c4
B20	Sicilian Defense: Wing Gambit	1. e4 c5 2. b4
B20	Sicilian Defense: Wing Gambit, Abrahams Variation	1. e4 c5 2. b4 cxb4 3. Bb2
B20	Sicilian Defense: Wing Gambit, Carlsbad Variation	1. e4 c5 2. b4 cxb4 3. a3 bxa3
B20	Sicilian Defense: Wing Gambit, Marienbad Variation	1. e4 c5 2. b4 cxb4 3. a3 d5 4. exd5 Qxd5 5. Bb2
B20	Sicilian Defense: Wing Gambit, Marshall Variation	1. e4 c5 2. b4 cxb4 3. a3
B20	Sicilian Defense: Wing Gambit, Nanu Gambit	1. e4 c5 2. b4 cxb4 3. a3 d5 4. exd5 Qxd5 5. Nf3 e5 6. c4 Qe6 7. Bd3
B20	Sicilian Defense: Wing Gambit, Romanian Defense	1. e4 c5 2. b4 cxb4 3. a3 d5 4. exd5 Qxd5 5. Nf3 e5 6. Bb2 Nc6 7. c4 Qe6
B20	Sicilian Defense: Wing Gambit, Santasiere Variation	1. e4 c5 2. b4 cxb4 3. c4
B21	Bird Opening: Dutch Variation, Batavo Gambit	1. e4 c5 2. f4 d5 3. Nf3 dxe4
B21	Sicilian Defense: Coles Sicilian Gambit	1. e4 c5 2. d4 cxd4 3. Qxd4 Nc6 4. Qd1 Nf6 5. Bc4
B21	Sicilian Defense: Halasz Gambit	1. e4 c5 2. d4 cxd4 3. f4
B21	Sicilian Defense: McDonnell Attack	1. e4 c5 2. f4
B21	Sicilian Defense: McDonnell Attack, Tal Gambit	1. e4 c5 2. f4 d5 3. exd5 Nf6
B21	Sicilian Defense: Morphy Gambit	1. e4 c5 2. d4 cxd4 3. Nf3
B21	Sicilian Defense: Morphy Gambit, Andreaschek Gambit	1. e4 c5 2. d4 cxd4 3. Nf3 e5 4. c3
B21	Sicilian Defense: Smith-Morra Gambit	1. e4 c5 2. d4
B21	Sicilian Defense: Smith-Morra Gambit	1. e4 c5 2. d4 cxd4 3. c3
B21	Sicilian Defense: Smith-Morra Gambit Accepted	1. e4 c5 2. d4 cxd4 3. c3 dxc3
B21	Sicilian Defense: Smith-Morra Gambit Accepted, Chicago Defense	1. e4 c5 2. d4 cxd4 3. c3 dxc3 4. Nxc3 Nc6 5. Bc4 e6 6. Nf3 d6 7. O-O a6 8. Qe2 b5 9. Bb3 Ra7
B21	Sicilian Defense: Smith-Morra Gambit Accepted, Chicago Defense	1. e4 c5 2. d4 cxd4 3. c3 dxc3 4. Nxc3 d6 5. Nf3 e6 6. Bc4 Nf6 7. O-O a6
B21	Sicilian Defense: Smith-Morra Gambit Accepted, Classical Formation	1. e4 c5 2. d4 cxd4 3. c3 dxc3 4. Nxc3 Nc6 5. Nf3 d6 6. Bc4 a6 7. O-O Nf6
B21	Sicilian Defense: Smith-Morra Gambit Accepted, Danish Variation	1. e4 c5 2. d4 cxd4 3. c3 dxc3 4. Nf3
B21	Sicilian Defense: Smith-Morra Gambit Accepted, Fianchetto Defense	1. e4 c5 2. d4 cxd4 3. c3 dxc3 4. Nxc3 Nc6 5. Nf3 g6
B21	Sicilian Defense: Smith-Morra Gambit Accepted, Finegold Defense	1. e4 c5 2. d4 cxd4 3. c3 dxc3 4. Nxc3 e6 5. Nf3 d6 6. Bc4 a6 7. O-O Be7 8. Qe2 Nf6
B21	Sicilian Defense: Smith-Morra Gambit Accepted, Kan Formation	1. e4 c5 2. d4 cxd4 3. c3 dxc3 4. Nxc3 e6 5. Nf3 a6
B21	Sicilian Defense: Smith-Morra Gambit Accepted, Larsen Defense	1. e4 c5 2. d4 cxd4 3. c3 dxc3 4. Nxc3 Nc6 5. Nf3 e6 6. Bc4 Qc7 7. Qe2 a6 8. O-O Bd6
B21	Sicilian Defense: Smith-Morra Gambit Accepted, Morphy Defense	1. e4 c5 2. d4 cxd4 3. c3 dxc3 4. Nxc3 Nc6 5. Nf3 e6 6. Bc4 Bc5
B21	Sicilian Defense: Smith-Morra Gambit Accepted, Morphy Defense Deferred	1. e4 c5 2. d4 cxd4 3. c3 dxc3 4. Nxc3 Nc6 5. Nf3 e6 6. Bc4 a6 7. O-O b5 8. Bb3 Bc5
B21	Sicilian Defense: Smith-Morra Gambit Accepted, Paulsen Formation	1. e4 c5 2. d4 cxd4 3. c3 dxc3 4. Nxc3 Nc6 5. Nf3 e6 6. Bc4 a6
B21	Sicilian Defense: Smith-Morra Gambit Accepted, Pin Defense	1. e4 c5 2. d4 cxd4 3. c3 dxc3 4. Nxc3 Nc6 5. Nf3 e6 6. Bc4 Bb4
B21	Sicilian Defense: Smith-Morra Gambit Accepted, Scheveningen Formation	1. e4 c5 2. d4 cxd4 3. c3 dxc3 4. Nxc3 Nc6 5. Nf3 d6 6. Bc4 e6
B21	Sicilian Defense: Smith-Morra Gambit Accepted, Siberian Variation	1. e4 c5 2. d4 cxd4 3. c3 dxc3 4. Nxc3 Nc6 5. Nf3 e6 6. Bc4 Qc7
B21	Sicilian Defense: Smith-Morra Gambit Accepted, Siberian Variation, Siberian Trap	1. e4 c5 2. d4 cxd4 3. c3 dxc3 4. Nxc3 Nc6 5. Nf3 e6 6. Bc4 Qc7 7. Qe2 Nf6 8. O-O Ng4
B21	Sicilian Defense: Smith-Morra Gambit Accepted, Sozin Formation	1. e4 c5 2. d4 cxd4 3. c3 dxc3 4. Nxc3 Nc6 5. Bc4 e6 6. Nf3 d6 7. O-O a6 8. Qe2 b5
B21	Sicilian Defense: Smith-Morra Gambit Accepted, Taimanov Formation	1. e4 c5 2. d4 cxd4 3. c3 dxc3 4. Nxc3 e6 5. Bc4 a6 6. Nf3 Ne7
B21	Sicilian Defense: Smith-Morra Gambit Declined, Alapin Formation	1. e4 c5 2. d4 cxd4 3. c3 Nf6
B21	Sicilian Defense: Smith-Morra Gambit Declined, Center Formation	1. e4 c5 2. d4 cxd4 3. c3 e5
B21	Sicilian Defense: Smith-Morra Gambit Declined, Dubois Variation	1. e4 c5 2. d4 cxd4 3. c3 d3 4. c4
B21	Sicilian Defense: Smith-Morra Gambit Declined, Push Variation	1. e4 c5 2. d4 cxd4 3. c3 d3
B21	Sicilian Defense: Smith-Morra Gambit Declined, Scandinavian Formation	1. e4 c5 2. d4 cxd4 3. c3 d5
B21	Sicilian Defense: Smith-Morra Gambit Declined, Wing Formation	1. e4 c5 2. d4 cxd4 3. c3 Qa5
B22	Sicilian Defense: Alapin Variation	1. e4 c5 2. c3
B22	Sicilian Defense: Alapin Variation, Barmen Defense	1. e4 c5 2. c3 d5 3. exd5 Qxd5
B22	Sicilian Defense: Alapin Variation, Barmen Defense, Central Exchange	1. e4 c5 2. c3 d5 3. exd5 Qxd5 4. d4 cxd4 5. cxd4 Nc6 6. Nf3 Bg4
B22	Sicilian Defense: Alapin Variation, Barmen Defense, Endgame Variation	1. e4 c5 2. c3 d5 3. exd5 Qxd5 4. d4 cxd4 5. cxd4 Nc6 6. Nf3 Bg4 7. Nc3 Bxf3 8. gxf3 Qxd4 9. Qxd4 Nxd4
B22	Sicilian Defense: Alapin Variation, Barmen Defense, Milner-Barry Attack	1. e4 c5 2. c3 d5 3. exd5 Qxd5 4. d4 Nc6 5. Nf3 cxd4 6. cxd4 e5 7. Nc3 Bb4 8. Be2
B22	Sicilian Defense: Alapin Variation, Barmen Defense, Modern Line	1. e4 c5 2. c3 d5 3. exd5 Qxd5 4. d4 Nf6 5. Nf3 Bg4
B22	Sicilian Defense: Alapin Variation, Smith-Morra Declined	1. e4 c5 2. c3 Nf6 3. e5 Nd5 4. d4 cxd4
B22	Sicilian Defense: Alapin Variation, Stoltz Attack	1. e4 c5 2. c3 Nf6 3. e5 Nd5 4. Nf3 Nc6 5. Bc4 Nb6 6. Bb3
B22	Sicilian Defense: Alapin Variation, Stoltz Attack, Ivanchuk Line	1. e4 c5 2. c3 Nf6 3. e5 Nd5 4. Nf3 Nc6 5. Bc4 Nb6 6. Bb3 c4 7. Bc2 Qc7 8. Qe2 g5
B22	Sicilian Defense: Delayed Alapin Variation	1. e4 c5 2. Nf3 e6 3. c3 d5 4. exd5 Qxd5 5. d4 Nf6
B22	Sicilian Defense: Heidenfeld Variation	1. e4 c5 2. c3 Nf6 3. e5 Nd5 4. Nf3 Nc6 5. Na3
B23	Sicilian Defense: Closed	1. e4 c5 2. Nc3
B23	Sicilian Defense: Closed	1. e4 c5 2. Nc3 e6
B23	Sicilian Defense: Closed	1. e4 c5 2. Nc3 e6 3. g3
B23	Sicilian Defense: Closed, Chameleon Variation	1. e4 c5 2. Nc3 Nc6 3. Nge2
B23	Sicilian Defense: Closed, Grob Attack	1. e4 c5 2. Nc3 Nc6 3. g4
B23	Sicilian Defense: Closed, Korchnoi Defense	1. e4 c5 2. Nc3 e6 3. g3 d5
B23	Sicilian Defense: Closed, Traditional	1. e4 c5 2. Nc3 Nc6
B23	Sicilian Defense: Grand Prix Attack	1. e4 c5 2. Nc3 Nc6 3. f4
B23	Sicilian Defense: Grand Prix Attack, Schofman Variation	1. e4 c5 2. Nc3 Nc6 3. f4 g6 4. Nf3 Bg7 5. Bc4 e6 6. f5
B24	Sicilian Defense: Closed	1. e4 c5 2. Nc3 Nc6 3. g3 g6
B24	Sicilian Defense: Closed	1. e4 c5 2. Nc3 Nc6 3. g3 g6 4. Bg2 Bg7
B24	Sicilian Defense: Closed, Fianchetto Variation	1. e4 c5 2. Nc3 Nc6 3. g3
B24	Sicilian Defense: Closed, Smyslov Variation	1. e4 c5 2. Nc3 Nc6 3. g3 g6 4. Bg2 Bg7 5. d3 e6 6. Be3 Nd4 7. Nce2
B25	Sicilian Defense: Closed	1. e4 c5 2. Nc3 Nc6 3. g3 g6 4. Bg2 Bg7 5. d3 d6
B25	Sicilian Defense: Closed	1. e4 c5 2. Nc3 Nc6 3. g3 g6 4. Bg2 Bg7 5. d3 d6 6. f4
B25	Sicilian Defense: Closed, Botvinnik Defense, Edge Variation	1. e4 c5 2. Nc3 Nc6 3. g3 g6 4. Bg2 Bg7 5. d3 d6 6. f4 e5 7. Nh3 Nge7
B25	Sicilian Defense: Closed, Botvinnik Defense, with Nge2	1. e4 c5 2. Nc3 Nc6 3. g3 g6 4. Bg2 Bg7 5. d3 d6 6. Nge2 e5
B25	Sicilian Defense: Closed, Botvinnik Defense, with f4	1. e4 c5 2. Nc3 Nc6 3. g3 g6 4. Bg2 Bg7 5. d3 d6 6. f4 e5
B26	Sicilian Defense: Closed	1. e4 c5 2. Nc3 Nc6 3. g3 g6 4. Bg2 Bg7 5. d3 d6 6. Be3
B27	Modern Defense: Pterodactyl Variation	1. e4 c5 2. Nf3 g6 3. d4 Bg7 4. Nc3 Qa5
B27	Pterodactyl Defense: Sicilian, Anhanguera	1. e4 c5 2. Nf3 g6 3. d4 Bg7 4. Nc3 Qa5 5. Be3
B27	Pterodactyl Defense: Sicilian, Benoni Gambit	1. e4 c5 2. Nf3 g6 3. d4 Bg7 4. Nc3 Qa5 5. d5
B27	Pterodactyl Defense: Sicilian, Pteranodon	1. e4 c5 2. Nf3 g6 3. d4 Bg7 4. dxc5 Qa5+ 5. Nc3 Bxc3+ 6. bxc3
B27	Pterodactyl Defense: Sicilian, Rhamphorhynchus	1. e4 c5 2. Nf3 g6 3. d4 Bg7 4. dxc5 Qa5+ 5. Nc3
B27	Pterodactyl Defense: Sicilian, Unpin	1. e4 c5 2. Nf3 g6 3. d4 Bg7 4. Nc3 Qa5 5. Bd2
B27	Pterodactyl Defense: Western, Pterodactyl	1. e4 c5 2. Nf3 g6 3. c3 Bg7 4. d4 Qa5
B27	Pterodactyl Defense: Western, Rhamphorhynchus	1. e4 c5 2. Nf3 g6 3. d4 Bg7 4. dxc5 Qa5+
B27	Sicilian Defense	1. e4 c5 2. Nf3
B27	Sicilian Defense: Acton Extension	1. e4 c5 2. Nf3 g6 3. c4 Bh6
B27	Sicilian Defense: Brussels Gambit	1. e4 c5 2. Nf3 f5
B27	Sicilian Defense: Bücker Variation	1. e4 c5 2. Nf3 h6
B27	Sicilian Defense: Double-Dutch Gambit	1. e4 c5 2. Nf3 f5 3. exf5 Nh6
B27	Sicilian Defense: Frederico Variation	1. e4 c5 2. Nf3 g6 3. d4 f5
B27	Sicilian Defense: Hyperaccelerated Dragon	1. e4 c5 2. Nf3 g6
B27	Sicilian Defense: Hyperaccelerated Fianchetto	1. e4 c5 2. Nf3 g6 3. d4
B27	Sicilian Defense: Hyperaccelerated Pterodactyl	1. e4 c5 2. Nf3 g6 3. d4 Bg7
B27	Sicilian Defense: Hyperaccelerated Pterodactyl, Exchange Variation	1. e4 c5 2. Nf3 g6 3. d4 Bg7 4. dxc5 Qa5+ 5. Nc3 Bxc3+ 6. bxc3 Qxc3+
B27	Sicilian Defense: Jalalabad Variation	1. e4 c5 2. Nf3 e5
B27	Sicilian Defense: Katalimov Variation	1. e4 c5 2. Nf3 b6
B27	Sicilian Defense: Mongoose Variation	1. e4 c5 2. Nf3 Qa5
B27	Sicilian Defense: Polish Gambit	1. e4 c5 2. Nf3 b5
B27	Sicilian Defense: Quinteros Variation	1. e4 c5 2. Nf3 Qc7
B28	Sicilian Defense: O'Kelly Variation	1. e4 c5 2. Nf3 a6
B28	Sicilian Defense: O'Kelly Variation, Aronin System	1. e4 c5 2. Nf3 a6 3. Be2
B28	Sicilian Defense: O'Kelly Variation, Kieseritzky System	1. e4 c5 2. Nf3 a6 3. b3
B28	Sicilian Defense: O'Kelly Variation, Maróczy Bind	1. e4 c5 2. Nf3 a6 3. c4
B28	Sicilian Defense: O'Kelly Variation, Maróczy Bind, Paulsen Line	1. e4 c5 2. Nf3 a6 3. c4 e6
B28	Sicilian Defense: O'Kelly Variation, Maróczy Bind, Robatsch Line	1. e4 c5 2. Nf3 a6 3. c4 d6
B28	Sicilian Defense: O'Kelly Variation, Normal System	1. e4 c5 2. Nf3 a6 3. d4
B28	Sicilian Defense: O'Kelly Variation, Normal System, Cortlever Gambit	1. e4 c5 2. Nf3 a6 3. d4 cxd4 4. Bc4
B28	Sicilian Defense: O'Kelly Variation, Normal System, Smith-Morra Line	1. e4 c5 2. Nf3 a6 3. d4 cxd4 4. c3
B28	Sicilian Defense: O'Kelly Variation, Normal System, Taimanov Line	1. e4 c5 2. Nf3 a6 3. d4 cxd4 4. Nxd4 e5
B28	Sicilian Defense: O'Kelly Variation, Normal System, Zagorovsky Line	1. e4 c5 2. Nf3 a6 3. d4 cxd4 4. Qxd4
B28	Sicilian Defense: O'Kelly Variation, Quiet System	1. e4 c5 2. Nf3 a6 3. d3
B28	Sicilian Defense: O'Kelly Variation, Réti System	1. e4 c5 2. Nf3 a6 3. g3
B28	Sicilian Defense: O'Kelly Variation, Venice System	1. e4 c5 2. Nf3 a6 3. c3
B28	Sicilian Defense: O'Kelly Variation, Venice System, Barcza Line	1. e4 c5 2. Nf3 a6 3. c3 Nf6
B28	Sicilian Defense: O'Kelly Variation, Venice System, Gambit Line	1. e4 c5 2. Nf3 a6 3. c3 d5 4. exd5 Nf6
B28	Sicilian Defense: O'Kelly Variation, Venice System, Ljubojevic Line	1. e4 c5 2. Nf3 a6 3. c3 b5
B28	Sicilian Defense: O'Kelly Variation, Venice System, Steiner Line	1. e4 c5 2. Nf3 a6 3. c3 d6
B28	Sicilian Defense: O'Kelly Variation, Wing Gambit	1. e4 c5 2. Nf3 a6 3. b4
B28	Sicilian Defense: O'Kelly Variation, Yerevan System	1. e4 c5 2. Nf3 a6 3. Nc3
B29	Sicilian Defense: Nimzowitsch Variation	1. e4 c5 2. Nf3 Nf6
B29	Sicilian Defense: Nimzowitsch Variation, Advance Variation	1. e4 c5 2. Nf3 Nf6 3. e5
B29	Sicilian Defense: Nimzowitsch Variation, Closed Variation	1. e4 c5 2. Nf3 Nf6 3. Nc3
B29	Sicilian Defense: Nimzowitsch Variation, Exchange Variation	1. e4 c5 2. Nf3 Nf6 3. e5 Nd5 4. Nc3 Nxc3
B29	Sicilian Defense: Nimzowitsch Variation, Main Line	1. e4 c5 2. Nf3 Nf6 3. e5 Nd5 4. Nc3 e6 5. Nxd5 exd5 6. d4 Nc6
B30	Sicilian Defense: Closed, Anti-Sveshnikov Variation, Kharlov-Kramnik Line	1. e4 c5 2. Nf3 Nc6 3. Nc3 e5 4. Bc4 Be7 5. d3 d6 6. Nd2 Bg5
B30	Sicilian Defense: Closed, Anti-Sveshnikov Variation, with Nf6	1. e4 c5 2. Nf3 Nc6 3. Nc3 e5 4. Bc4 Be7 5. d3 Nf6
B30	Sicilian Defense: Closed, Anti-Sveshnikov Variation, with d6	1. e4 c5 2. Nf3 Nc6 3. Nc3 e5 4. Bc4 Be7 5. d3 d6
B30	Sicilian Defense: Nyezhmetdinov-Rossolimo Attack	1. e4 c5 2. Nf3 Nc6 3. Bb5
B30	Sicilian Defense: Nyezhmetdinov-Rossolimo Attack, Brooklyn Retreat Defense	1. e4 c5 2. Nf3 Nc6 3. Bb5 Nb8
B30	Sicilian Defense: Nyezhmetdinov-Rossolimo Attack, San Francisco Gambit	1. e4 c5 2. Nf3 Nc6 3. Bb5 Na5 4. b4
B30	Sicilian Defense: Old Sicilian	1. e4 c5 2. Nf3 Nc6
B30	Sicilian Defense: Portsmouth Gambit	1. e4 c5 2. Nf3 Nc6 3. b4
B31	Sicilian Defense: Nyezhmetdinov-Rossolimo Attack, Fianchetto Variation	1. e4 c5 2. Nf3 Nc6 3. Bb5 g6
B31	Sicilian Defense: Nyezhmetdinov-Rossolimo Attack, Fianchetto Variation, Gufeld Gambit	1. e4 c5 2. Nf3 Nc6 3. Bb5 g6 4. O-O Bg7 5. c3 e5 6. d4
B31	Sicilian Defense: Nyezhmetdinov-Rossolimo Attack, Fianchetto Variation, Lutikov Gambit	1. e4 c5 2. Nf3 Nc6 3. Bb5 g6 4. O-O Bg7 5. c3 Nf6 6. d4
B31	Sicilian Defense: Nyezhmetdinov-Rossolimo Attack, Fianchetto Variation, Totsky Attack	1. e4 c5 2. Nf3 Nc6 3. Bb5 g6 4. O-O Bg7 5. c3 Nf6 6. Qa4
B31	Sicilian Defense: Nyezhmetdinov-Rossolimo Attack, Gurgenidze Variation	1. e4 c5 2. Nf3 Nc6 3. Bb5 g6 4. O-O Bg7 5. Re1 e5 6. b4
B32	Sicilian Defense: Accelerated Dragon	1. e4 c5 2. Nf3 Nc6 3. d4 cxd4 4. Nxd4 g6
B32	Sicilian Defense: Flohr Variation	1. e4 c5 2. Nf3 Nc6 3. d4 cxd4 4. Nxd4 Qc7
B32	Sicilian Defense: Franco-Sicilian Variation	1. e4 c5 2. Nf3 Nc6 3. d4 e6
B32	Sicilian Defense: Godiva Variation	1. e4 c5 2. Nf3 Nc6 3. d4 cxd4 4. Nxd4 Qb6
B32	Sicilian Defense: Kalashnikov Variation	1. e4 c5 2. Nf3 Nc6 3. d4 cxd4 4. Nxd4 e5 5. Nb5 d6
B32	Sicilian Defense: Löwenthal Variation	1. e4 c5 2. Nf3 Nc6 3. d4 cxd4 4. Nxd4 e5
B32	Sicilian Defense: Nimzo-American Variation	1. e4 c5 2. Nf3 Nc6 3. d4 cxd4 4. Nxd4 d5
B32	Sicilian Defense: O'Kelly Variation, Maróczy Bind, Geller Line	1. e4 c5 2. Nf3 Nc6 3. d4 cxd4 4. Nxd4 a6 5. c4 e5
B32	Sicilian Defense: Open	1. e4 c5 2. Nf3 Nc6 3. d4
B32	Sicilian Defense: Open	1. e4 c5 2. Nf3 Nc6 3. d4 cxd4
B32	Sicilian Defense: Open	1. e4 c5 2. Nf3 Nc6 3. d4 cxd4 4. Nxd4
B33	Sicilian Defense: Four Knights Variation, Cobra Variation	1. e4 c5 2. Nf3 Nc6 3. d4 cxd4 4. Nxd4 Nf6 5. Nc3 e6 6. Ndb5 Bc5
B33	Sicilian Defense: Lasker-Pelikan Variation	1. e4 c5 2. Nf3 Nc6 3. d4 cxd4 4. Nxd4 Nf6 5. Nc3 e5
B33	Sicilian Defense: Lasker-Pelikan Variation, Bird Variation	1. e4 c5 2. Nf3 Nc6 3. d4 cxd4 4. Nxd4 Nf6 5. Nc3 e5 6. Ndb5 d6 7. Bg5 a6 8. Na3 Be6
B33	Sicilian Defense: Lasker-Pelikan Variation, Exchange Variation	1. e4 c5 2. Nf3 Nc6 3. d4 cxd4 4. Nxd4 Nf6 5. Nc3 e5 6. Nxc6
B33	Sicilian Defense: Lasker-Pelikan Variation, Retreat Variation	1. e4 c5 2. Nf3 Nc6 3. d4 cxd4 4. Nxd4 Nf6 5. Nc3 e5 6. Nf3
B33	Sicilian Defense: Lasker-Pelikan Variation, Schlechter Variation	1. e4 c5 2. Nf3 Nc6 3. d4 cxd4 4. Nxd4 Nf6 5. Nc3 e5 6. Nb3
B33	Sicilian Defense: Lasker-Pelikan Variation, Sveshnikov Variation	1. e4 c5 2. Nf3 Nc6 3. d4 cxd4 4. Nxd4 Nf6 5. Nc3 e5 6. Ndb5 d6 7. Bg5 a6 8. Na3 b5
B33	Sicilian Defense: Lasker-Pelikan Variation, Sveshnikov Variation	1. e4 c5 2. Nf3 Nc6 3. d4 cxd4 4. Nxd4 Nf6 5. Nc3 e5 6. Ndb5 d6 7. Bg5 a6 8. Na3 b5 9. Bxf6 gxf6 10. Nd5 f5
B33	Sicilian Defense: Lasker-Pelikan Variation, Sveshnikov Variation, Chelyabinsk Variation	1. e4 c5 2. Nf3 Nc6 3. d4 cxd4 4. Nxd4 Nf6 5. Nc3 e5 6. Ndb5 d6 7. Bg5 a6 8. Na3 b5 9. Nd5
B33	Sicilian Defense: Lasker-Pelikan Variation, Sveshnikov Variation, Novosibirsk Variation	1. e4 c5 2. Nf3 Nc6 3. d4 cxd4 4. Nxd4 Nf6 5. Nc3 e5 6. Ndb5 d6 7. Bg5 a6 8. Na3 b5 9. Bxf6 gxf6 10. Nd5 Bg7
B33	Sicilian Defense: Lasker-Pelikan Variation, Sveshnikov Variation, Peresypkin's Sacrifice	1. e4 c5 2. Nf3 Nc6 3. d4 cxd4 4. Nxd4 Nf6 5. Nc3 e5 6. Ndb5 d6 7. Bg5 a6 8. Na3 b5 9. Bxf6 gxf6 10. Nd5 f5 11. Bxb5
B33	Sicilian Defense: Open	1. e4 c5 2. Nf3 Nc6 3. d4 cxd4 4. Nxd4 Nf6
B34	Sicilian Defense: Accelerated Dragon, Exchange Variation	1. e4 c5 2. Nf3 Nc6 3. d4 cxd4 4. Nxd4 g6 5. Nxc6
B34	Sicilian Defense: Accelerated Dragon, Modern Variation	1. e4 c5 2. Nf3 Nc6 3. d4 cxd4 4. Nxd4 g6 5. Nc3
B35	Sicilian Defense: Accelerated Dragon, Modern Bc4 Variation	1. e4 c5 2. Nf3 Nc6 3. d4 cxd4 4. Nxd4 g6 5. Nc3 Bg7 6. Be3 Nf6 7. Bc4
B35	Sicilian Defense: Dragon Variation, Modern Bc4 Variation	1. e4 c5 2. Nf3 Nc6 3. d4 cxd4 4. Nxd4 g6 5. Nc3 Bg7 6. Be3 Nf6 7. Bc4 d6
B36	Sicilian Defense: Accelerated Dragon, Maróczy Bind	1. e4 c5 2. Nf3 Nc6 3. d4 cxd4 4. Nxd4 g6 5. c4
B36	Sicilian Defense: Accelerated Dragon, Maróczy Bind, Gurgenidze Variation	1. e4 c5 2. Nf3 Nc6 3. d4 cxd4 4. Nxd4 g6 5. c4 Nf6 6. Nc3 Nxd4 7. Qxd4 d6
B37	Sicilian Defense: Accelerated Dragon, Maróczy Bind	1. e4 c5 2. Nf3 Nc6 3. d4 cxd4 4. Nxd4 g6 5. c4 Bg7
B37	Sicilian Defense: Accelerated Dragon, Simagin Variation	1. e4 c5 2. Nf3 Nc6 3. d4 cxd4 4. Nxd4 g6 5. c4 Bg7 6. Nc2 d6 7. Be2 Nh6
B38	Sicilian Defense: Accelerated Dragon, Maróczy Bind	1. e4 c5 2. Nf3 Nc6 3. d4 cxd4 4. Nxd4 g6 5. c4 Bg7 6. Be3
B39	Sicilian Defense: Accelerated Dragon, Maróczy Bind, Breyer Variation	1. e4 c5 2. Nf3 Nc6 3. d4 cxd4 4. Nxd4 g6 5. c4 Bg7 6. Be3 Nf6 7. Nc3 Ng4
B40	Sicilian Defense: Alapin Variation, Sherzer Variation	1. e4 c5 2. Nf3 e6 3. c3 Nf6 4. e5 Nd5 5. d4 Nc6
B40	Sicilian Defense: Delayed Alapin Variation, with e6	1. e4 c5 2. Nf3 e6 3. c3
B40	Sicilian Defense: Drazic Variation	1. e4 c5 2. Nf3 e6 3. d4 a6
B40	Sicilian Defense: French Variation	1. e4 c5 2. Nf3 e6
B40	Sicilian Defense: French Variation, Normal	1. e4 c5 2. Nf3 e6 3. d4 cxd4 4. Nxd4 Nf6
B40	Sicilian Defense: French Variation, Open	1. e4 c5 2. Nf3 e6 3. d4 cxd4
B40	Sicilian Defense: French Variation, Westerinen Attack	1. e4 c5 2. Nf3 e6 3. b3
B40	Sicilian Defense: Gaw-Paw Variation	1. e4 c5 2. Nf3 e6 3. d4 cxd4 4. Nxd4 Nf6 5. Nc3 Qb6
B40	Sicilian Defense: Kan Variation, Wing Attack, Fianchetto Variation	1. e4 c5 2. Nf3 e6 3. Nc3 a6 4. g3 b5 5. d4 cxd4 6. Nxd4
B40	Sicilian Defense: Kramnik Variation	1. e4 c5 2. Nf3 e6 3. c4
B40	Sicilian Defense: Kveinis Variation	1. e4 c5 2. Nf3 e6 3. d4 cxd4 4. Nxd4 Qb6
B40	Sicilian Defense: Marshall Counterattack	1. e4 c5 2. Nf3 e6 3. d4 d5
B40	Sicilian Defense: Paulsen-Basman Defense	1. e4 c5 2. Nf3 e6 3. d4 cxd4 4. Nxd4 Bc5
B40	Sicilian Defense: Pin Variation	1. e4 c5 2. Nf3 e6 3. d4 cxd4 4. Nxd4 Nf6 5. Nc3 Bb4
B40	Sicilian Defense: Pin Variation, Jaffe Variation	1. e4 c5 2. Nf3 e6 3. d4 cxd4 4. Nxd4 Nf6 5. Nc3 Bb4 6. Bd3 e5
B40	Sicilian Defense: Pin Variation, Koch Variation	1. e4 c5 2. Nf3 e6 3. d4 cxd4 4. Nxd4 Nf6 5. Nc3 Bb4 6. e5
B40	Sicilian Defense: Smith-Morra Gambit Deferred	1. e4 c5 2. Nf3 e6 3. d4 cxd4 4. c3
B40	Sicilian Defense: Wing Gambit Deferred	1. e4 c5 2. Nf3 e6 3. b4
B41	Sicilian Defense: Kan Variation	1. e4 c5 2. Nf3 e6 3. d4 cxd4 4. Nxd4 a6
B41	Sicilian Defense: Kan Variation, Maróczy Bind, Bronstein Variation	1. e4 c5 2. Nf3 e6 3. d4 cxd4 4. Nxd4 a6 5. c4 Nf6 6. Nc3 Bb4 7. Bd3 Nc6
B41	Sicilian Defense: Kan Variation, Maróczy Bind, Bronstein Variation	1. e4 c5 2. Nf3 e6 3. d4 cxd4 4. Nxd4 a6 5. c4 Nf6 6. Nc3 Bb4 7. Bd3 Nc6 8. Bc2
B41	Sicilian Defense: Kan Variation, Maróczy Bind, Hedgehog Variation	1. e4 c5 2. Nf3 e6 3. d4 cxd4 4. Nxd4 a6 5. c4 g6
B41	Sicilian Defense: Kan Variation, Maróczy Bind, Réti Variation	1. e4 c5 2. Nf3 e6 3. d4 cxd4 4. Nxd4 a6 5. c4
B42	Sicilian Defense: Kan Variation, Gipslis Variation	1. e4 c5 2. Nf3 e6 3. d4 cxd4 4. Nxd4 a6 5. Bd3 Nf6 6. O-O d6 7. c4 g6
B42	Sicilian Defense: Kan Variation, Modern Variation	1. e4 c5 2. Nf3 e6 3. d4 cxd4 4. Nxd4 a6 5. Bd3
B42	Sicilian Defense: Kan Variation, Polugaevsky Variation	1. e4 c5 2. Nf3 e6 3. d4 cxd4 4. Nxd4 a6 5. Bd3 Bc5
B42	Sicilian Defense: Kan Variation, Swiss Cheese Variation	1. e4 c5 2. Nf3 e6 3. d4 cxd4 4. Nxd4 a6 5. Bd3 g6
B43	Sicilian Defense: Kan Variation, Knight Variation	1. e4 c5 2. Nf3 e6 3. d4 cxd4 4. Nxd4 a6 5. Nc3
B43	Sicilian Defense: Kan Variation, Wing Attack	1. e4 c5 2. Nf3 e6 3. d4 cxd4 4. Nxd4 a6 5. Nc3 b5
B43	Sicilian Defense: Kan Variation, Wing Attack, Christiansen's Dream	1. e4 c5 2. Nf3 e6 3. d4 cxd4 4. Nxd4 a6 5. Nc3 b5 6. Bd3 Qb6 7. Be3 Bc5 8. Qg4
B43	Sicilian Defense: Kan Variation, Wing Attack, Spraggett Attack	1. e4 c5 2. Nf3 e6 3. d4 cxd4 4. Nxd4 a6 5. Nc3 b5 6. Bd3 Qb6 7. Nf3
B44	Sicilian Defense: Taimanov Variation	1. e4 c5 2. Nf3 e6 3. d4 cxd4 4. Nxd4 Nc6
B44	Sicilian Defense: Taimanov Variation, Gary Gambit	1. e4 c5 2. Nf3 e6 3. d4 cxd4 4. Nxd4 Nc6 5. Nb5 d6 6. c4 Nf6 7. N1c3 a6 8. Na3 d5
B44	Sicilian Defense: Taimanov Variation, Modern Line	1. e4 c5 2. Nf3 e6 3. d4 cxd4 4. Nxd4 Nc6 5. Nb5 d6 6. c4 Nf6 7. N1c3 a6 8. Na3 Be7 9. Be2 O-O 10. O-O b6
B44	Sicilian Defense: Taimanov Variation, Szén Variation	1. e4 c5 2. Nf3 e6 3. d4 cxd4 4. Nxd4 Nc6 5. Nb5
B45	Sicilian Defense: Four Knights Variation	1. e4 c5 2. Nf3 e6 3. d4 cxd4 4. Nxd4 Nc6 5. Nc3 Nf6
B45	Sicilian Defense: Four Knights Variation, American Attack	1. e4 c5 2. Nf3 e6 3. d4 cxd4 4. Nxd4 Nc6 5. Nc3 Nf6 6. Ndb5 Bb4 7. Nd6+
B45	Sicilian Defense: Four Knights Variation, Exchange Variation	1. e4 c5 2. Nf3 e6 3. d4 cxd4 4. Nxd4 Nf6 5. Nc3 Nc6 6. Nxc6
B45	Sicilian Defense: Taimanov Variation	1. e4 c5 2. Nf3 e6 3. d4 cxd4 4. Nxd4 Nc6 5. Nc3
B46	Sicilian Defense: Taimanov Variation	1. e4 c5 2. Nf3 e6 3. d4 cxd4 4. Nxd4 Nc6 5. Nc3 a6
B47	Sicilian Defense: Taimanov Variation, Bastrikov Variation	1. e4 c5 2. Nf3 e6 3. d4 cxd4 4. Nxd4 Nc6 5. Nc3 Qc7
B47	Sicilian Defense: Taimanov Variation, Bastrikov Variation, Ponomariov Gambit	1. e4 c5 2. Nf3 e6 3. d4 cxd4 4. Nxd4 Nc6 5. Nc3 Qc7 6. Ndb5 Qb8 7. Be3 a6 8. Bb6
B48	Sicilian Defense: Taimanov Variation, Bastrikov Variation, English Attack	1. e4 c5 2. Nf3 e6 3. d4 cxd4 4. Nxd4 Nc6 5. Nc3 Qc7 6. Be3
B49	Sicilian Defense: Taimanov Variation, Bastrikov Variation	1. e4 c5 2. Nf3 e6 3. d4 cxd4 4. Nxd4 Nc6 5. Nc3 Qc7 6. Be3 a6 7. Be2
B50	Sicilian Defense	1. e4 c5 2. Nf3 d6 3. d4
B50	Sicilian Defense	1. e4 c5 2. Nf3 d6 3. d4 cxd4
B50	Sicilian Defense: Delayed Alapin Variation, Basman-Palatnik Double Gambit	1. e4 c5 2. Nf3 d6 3. c3 Nf6 4. Be2 Nc6 5. d4 cxd4 6. cxd4 Nxe4 7. d5 Qa5+ 8. Nc3 Nxc3 9. bxc3
B50	Sicilian Defense: Delayed Alapin Variation, Basman-Palatnik Gambit	1. e4 c5 2. Nf3 d6 3. c3 Nf6 4. Be2 Nc6 5. d4 cxd4 6. cxd4 Nxe4
B50	Sicilian Defense: Delayed Alapin Variation, with d6	1. e4 c5 2. Nf3 d6 3. c3
B50	Sicilian Defense: Kopec System	1. e4 c5 2. Nf3 d6 3. Bd3
B50	Sicilian Defense: Kotov Gambit	1. e4 c5 2. Nf3 d6 3. g3 b5
B50	Sicilian Defense: Modern Variations	1. e4 c5 2. Nf3 d6
B50	Sicilian Defense: Modern Variations, Anti-Qxd4 Move Order	1. e4 c5 2. Nf3 d6 3. d4 Nf6
B50	Sicilian Defense: Modern Variations, Anti-Qxd4 Move Order Accepted	1. e4 c5 2. Nf3 d6 3. d4 Nf6 4. dxc5 Nxe4
B50	Sicilian Defense: Modern Variations, Tartakower	1. e4 c5 2. Nf3 d6 3. d4 cxd4 4. c3
B50	Sicilian Defense: Wing Gambit, Deferred Variation	1. e4 c5 2. Nf3 d6 3. b4
B51	Sicilian Defense: Moscow Variation	1. e4 c5 2. Nf3 d6 3. Bb5+
B51	Sicilian Defense: Moscow Variation, Dorfman Gambit	1. e4 c5 2. Nf3 d6 3. Bb5+ Nc6 4. O-O Bd7 5. Qe2 g6 6. e5
B51	Sicilian Defense: Moscow Variation, Moscow Gambit	1. e4 c5 2. Nf3 d6 3. Bb5+ Nc6 4. O-O Bd7 5. c3 Nf6 6. Re1 a6 7. Bxc6 Bxc6 8. d4 Bxe4 9. Bg5
B52	Sicilian Defense: Moscow Variation, Haag Gambit	1. e4 c5 2. Nf3 d6 3. Bb5+ Bd7 4. Bxd7+ Qxd7 5. O-O Nc6 6. c3 Nf6 7. d4
B52	Sicilian Defense: Moscow Variation, Main Line	1. e4 c5 2. Nf3 d6 3. Bb5+ Bd7
B52	Sicilian Defense: Moscow Variation, Sokolsky Variation	1. e4 c5 2. Nf3 d6 3. Bb5+ Bd7 4. Bxd7+ Qxd7 5. c4
B53	Sicilian Defense: Chekhover Variation	1. e4 c5 2. Nf3 d6 3. d4 cxd4 4. Qxd4
B53	Sicilian Defense: Chekhover Variation, Zaitsev Defense	1. e4 c5 2. Nf3 d6 3. d4 cxd4 4. Qxd4 Nc6 5. Bb5 Qd7
B54	Sicilian Defense: Dragon Variation, Accelerated Dragon	1. e4 c5 2. Nf3 d6 3. d4 cxd4 4. Nxd4 g6
B54	Sicilian Defense: Modern Variations, Ginsberg Gambit	1. e4 c5 2. Nf3 d6 3. d4 cxd4 4. Nxd4 Nf6 5. Bc4
B54	Sicilian Defense: Modern Variations, Main Line	1. e4 c5 2. Nf3 d6 3. d4 cxd4 4. Nxd4 Nf6
B54	Sicilian Defense: Prins Variation	1. e4 c5 2. Nf3 d6 3. d4 cxd4 4. Nxd4 Nf6 5. f3
B55	Sicilian Defense: Prins Variation, Venice Attack	1. e4 c5 2. Nf3 d6 3. d4 cxd4 4. Nxd4 Nf6 5. f3 e5 6. Bb5+
B56	Sicilian Defense: Classical Variation	1. e4 c5 2. Nf3 d6 3. d4 cxd4 4. Nxd4 Nf6 5. Nc3 Nc6
B56	Sicilian Defense: Classical Variation, Fianchetto Variation	1. e4 c5 2. Nf3 d6 3. d4 cxd4 4. Nxd4 Nf6 5. Nc3 Nc6 6. g3
B56	Sicilian Defense: Kupreichik Variation	1. e4 c5 2. Nf3 d6 3. d4 cxd4 4. Nxd4 Nf6 5. Nc3 Bd7
B56	Sicilian Defense: Spielmann Variation	1. e4 c5 2. Nf3 Nc6 3. d4 cxd4 4. Nxd4 Nf6 5. Nc3 d6 6. Nde2
B56	Sicilian Defense: Venice Attack	1. e4 c5 2. Nf3 d6 3. d4 cxd4 4. Nxd4 Nf6 5. Nc3 e5 6. Bb5+
B56	Sicilian Defense: Yates Variation	1. e4 c5 2. Nf3 Nc6 3. d4 cxd4 4. Nxd4 Nf6 5. Nc3 d6 6. Bd3
B57	Sicilian Defense: Classical Variation, Anti-Sozin Variation	1. e4 c5 2. Nf3 Nc6 3. d4 cxd4 4. Nxd4 Nf6 5. Nc3 d6 6. Bc4 Qb6
B57	Sicilian Defense: Classical Variation, Sozin Attack	1. e4 c5 2. Nf3 d6 3. d4 cxd4 4. Nxd4 Nf6 5. Nc3 Nc6 6. Bc4
B57	Sicilian Defense: Magnus Smith Trap	1. e4 c5 2. Nf3 Nc6 3. d4 cxd4 4. Nxd4 Nf6 5. Nc3 d6 6. Bc4 g6 7. Nxc6 bxc6 8. e5
B58	Sicilian Defense: Boleslavsky Variation	1. e4 c5 2. Nf3 d6 3. d4 cxd4 4. Nxd4 Nf6 5. Nc3 Nc6 6. Be2 e5
B58	Sicilian Defense: Boleslavsky Variation, Louma Variation	1. e4 c5 2. Nf3 Nc6 3. d4 cxd4 4. Nxd4 Nf6 5. Nc3 d6 6. Be2 e5 7. Nxc6
B58	Sicilian Defense: Classical Variation	1. e4 c5 2. Nf3 d6 3. d4 cxd4 4. Nxd4 Nf6 5. Nc3 Nc6 6. Be2
B58	Sicilian Defense: Classical Variation, Dragon Transfer	1. e4 c5 2. Nf3 d6 3. d4 cxd4 4. Nxd4 Nf6 5. Nc3 Nc6 6. Be2 Nxd4 7. Qxd4 g6
B59	Sicilian Defense: Boleslavsky Variation	1. e4 c5 2. Nf3 Nc6 3. d4 cxd4 4. Nxd4 Nf6 5. Nc3 d6 6. Be2 e5 7. Nb3
B60	Sicilian Defense: Richter-Rauzer Variation	1. e4 c5 2. Nf3 d6 3. d4 cxd4 4. Nxd4 Nf6 5. Nc3 Nc6 6. Bg5
B60	Sicilian Defense: Richter-Rauzer Variation, Dragon Variation	1. e4 c5 2. Nf3 Nc6 3. d4 cxd4 4. Nxd4 Nf6 5. Nc3 d6 6. Bg5 g6
B60	Sicilian Defense: Richter-Rauzer Variation, Modern Variation	1. e4 c5 2. Nf3 d6 3. d4 cxd4 4. Nxd4 Nf6 5. Nc3 Nc6 6. Bg5 Bd7
B61	Sicilian Defense: Richter-Rauzer Variation, Modern Variation	1. e4 c5 2. Nf3 Nc6 3. d4 cxd4 4. Nxd4 Nf6 5. Nc3 d6 6. Bg5 Bd7 7. Qd2
B62	Sicilian Defense: Richter-Rauzer Variation	1. e4 c5 2. Nf3 d6 3. d4 cxd4 4. Nxd4 Nf6 5. Nc3 Nc6 6. Bg5 e6
B62	Sicilian Defense: Richter-Rauzer Variation	1. e4 c5 2. Nf3 d6 3. d4 cxd4 4. Nxd4 Nf6 5. Nc3 Nc6 6. Bg5 e6 7. Qd3
B62	Sicilian Defense: Richter-Rauzer Variation, Exchange Variation	1. e4 c5 2. Nf3 d6 3. d4 cxd4 4. Nxd4 Nf6 5. Nc3 Nc6 6. Bg5 e6 7. Nxc6
B62	Sicilian Defense: Richter-Rauzer Variation, Podebrady Variation	1. e4 c5 2. Nf3 Nc6 3. d4 cxd4 4. Nxd4 Nf6 5. Nc3 d6 6. Bg5 e6 7. Nb3
B62	Sicilian Defense: Richter-Rauzer Variation, Vitolins Variation	1. e4 c5 2. Nf3 d6 3. d4 cxd4 4. Nxd4 Nf6 5. Nc3 Nc6 6. Bg5 e6 7. Bb5
B63	Sicilian Defense: Richter-Rauzer Variation, Classical Variation	1. e4 c5 2. Nf3 d6 3. d4 cxd4 4. Nxd4 Nf6 5. Nc3 Nc6 6. Bg5 e6 7. Qd2 Be7
B63	Sicilian Defense: Richter-Rauzer Variation, Classical Variation, Kantscher Line	1. e4 c5 2. Nf3 d6 3. d4 cxd4 4. Nxd4 Nf6 5. Nc3 Nc6 6. Bg5 e6 7. Qd2 Be7 8. O-O-O Nxd4 9. Qxd4 a6 10. f4 b5
B63	Sicilian Defense: Richter-Rauzer Variation, Ivanov Variation	1. e4 c5 2. Nf3 d6 3. d4 cxd4 4. Nxd4 Nf6 5. Nc3 Nc6 6. Bg5 e6 7. Qd2 Qb6
B63	Sicilian Defense: Richter-Rauzer Variation, Traditional Variation	1. e4 c5 2. Nf3 d6 3. d4 cxd4 4. Nxd4 Nf6 5. Nc3 Nc6 6. Bg5 e6 7. Qd2
B64	Sicilian Defense: Richter-Rauzer Variation, Classical Variation	1. e4 c5 2. Nf3 Nc6 3. d4 cxd4 4. Nxd4 Nf6 5. Nc3 d6 6. Bg5 e6 7. Qd2 Be7 8. O-O-O O-O 9. f4 e5
B64	Sicilian Defense: Richter-Rauzer Variation, Classical Variation	1. e4 c5 2. Nf3 d6 3. d4 cxd4 4. Nxd4 Nf6 5. Nc3 Nc6 6. Bg5 e6 7. Qd2 Be7 8. O-O-O O-O 9. f4
B65	Sicilian Defense: Richter-Rauzer Variation, Classical Variation	1. e4 c5 2. Nf3 d6 3. d4 cxd4 4. Nxd4 Nf6 5. Nc3 Nc6 6. Bg5 e6 7. Qd2 Be7 8. O-O-O O-O 9. f4 Nxd4 10. Qxd4
B65	Sicilian Defense: Richter-Rauzer Variation, Rauzer Attack	1. e4 c5 2. Nf3 d6 3. d4 cxd4 4. Nxd4 Nf6 5. Nc3 Nc6 6. Bg5 e6 7. Qd2 Be7 8. O-O-O O-O 9. f4 Nxd4
B66	Sicilian Defense: Richter-Rauzer Variation, Neo-Modern Variation, Early Deviations	1. e4 c5 2. Nf3 d6 3. d4 cxd4 4. Nxd4 Nf6 5. Nc3 Nc6 6. Bg5 e6 7. Qd2 a6
B67	Sicilian Defense: Richter-Rauzer Variation, Neo-Modern Variation	1. e4 c5 2. Nf3 Nc6 3. d4 cxd4 4. Nxd4 Nf6 5. Nc3 d6 6. Bg5 e6 7. Qd2 a6 8. O-O-O Bd7
B68	Sicilian Defense: Richter-Rauzer Variation, Neo-Modern Variation	1. e4 c5 2. Nf3 Nc6 3. d4 cxd4 4. Nxd4 Nf6 5. Nc3 d6 6. Bg5 e6 7. Qd2 a6 8. O-O-O Bd7 9. f4 Be7
B69	Sicilian Defense: Richter-Rauzer Variation, Neo-Modern Variation, Nyezhmetdinov Attack	1. e4 c5 2. Nf3 Nc6 3. d4 cxd4 4. Nxd4 Nf6 5. Nc3 d6 6. Bg5 e6 7. Qd2 a6 8. O-O-O Bd7 9. f4 Be7 10. Nf3 b5 11. Bxf6
B70	Sicilian Defense: Dragon Variation	1. e4 c5 2. Nf3 d6 3. d4 cxd4 4. Nxd4 Nf6 5. Nc3 g6
B70	Sicilian Defense: Dragon Variation, Classical Variation	1. e4 c5 2. Nf3 d6 3. d4 cxd4 4. Nxd4 Nf6 5. Nc3 g6 6. Be2
B70	Sicilian Defense: Dragon Variation, Fianchetto Variation	1. e4 c5 2. Nf3 d6 3. d4 cxd4 4. Nxd4 Nf6 5. Nc3 g6 6. g3
B71	Sicilian Defense: Dragon Variation, Levenfish Variation	1. e4 c5 2. Nf3 d6 3. d4 cxd4 4. Nxd4 Nf6 5. Nc3 g6 6. f4
B71	Sicilian Defense: Dragon Variation, Levenfish Variation, Main Line	1. e4 c5 2. Nf3 d6 3. d4 cxd4 4. Nxd4 Nf6 5. Nc3 g6 6. f4 Nbd7
B72	Sicilian Defense: Dragon Variation	1. e4 c5 2. Nf3 d6 3. d4 cxd4 4. Nxd4 Nf6 5. Nc3 g6 6. Be3
B72	Sicilian Defense: Dragon Variation, Classical Variation	1. e4 c5 2. Nf3 d6 3. d4 cxd4 4. Nxd4 Nf6 5. Nc3 g6 6. Be3 Bg7 7. Be2
B72	Sicilian Defense: Dragon Variation, Classical Variation	1. e4 c5 2. Nf3 d6 3. d4 cxd4 4. Nxd4 Nf6 5. Nc3 g6 6. Be3 Bg7 7. Be2 Nc6
B72	Sicilian Defense: Dragon Variation, Classical Variation	1. e4 c5 2. Nf3 d6 3. d4 cxd4 4. Nxd4 Nf6 5. Nc3 g6 6. Be3 Bg7 7. Be2 Nc6 8. Nb3
B72	Sicilian Defense: Dragon Variation, Classical Variation, Amsterdam Variation	1. e4 c5 2. Nf3 Nc6 3. d4 cxd4 4. Nxd4 Nf6 5. Nc3 d6 6. Be2 g6 7. Be3 Bg7 8. Qd2
B72	Sicilian Defense: Dragon Variation, Classical Variation, Grigoriev Variation	1. e4 c5 2. Nf3 Nc6 3. d4 cxd4 4. Nxd4 Nf6 5. Nc3 d6 6. Be2 g6 7. Be3 Bg7 8. Qd2 O-O 9. O-O-O
B73	Sicilian Defense: Dragon Variation, Classical Variation	1. e4 c5 2. Nf3 d6 3. d4 cxd4 4. Nxd4 Nf6 5. Nc3 g6 6. Be2 Bg7 7. O-O Nc6 8. Be3
B73	Sicilian Defense: Dragon Variation, Classical Variation, Battery Variation	1. e4 c5 2. Nf3 d6 3. d4 cxd4 4. Nxd4 Nf6 5. Nc3 g6 6. Be2 Bg7 7. O-O O-O 8. Be3 Nc6 9. Qd2
B73	Sicilian Defense: Dragon Variation, Classical Variation, Zollner Gambit	1. e4 c5 2. Nf3 Nc6 3. d4 cxd4 4. Nxd4 g6 5. Be3 Bg7 6. Be2 Nf6 7. Nc3 O-O 8. O-O d6 9. f4 Qb6 10. e5
B74	Sicilian Defense: Dragon Variation, Classical Variation, Alekhine Line	1. e4 c5 2. Nf3 Nc6 3. d4 cxd4 4. Nxd4 g6 5. Nc3 Bg7 6. Be3 Nf6 7. Be2 O-O 8. O-O d6 9. Nb3 a5
B74	Sicilian Defense: Dragon Variation, Classical Variation, Bernard Defense	1. e4 c5 2. Nf3 g6 3. d4 cxd4 4. Nxd4 Nf6 5. Nc3 d6 6. Be2 Bg7 7. O-O O-O 8. Be3 Nc6 9. Nb3 Be6 10. f4 Na5 11. f5 Bc4 12. Bd3 Bxd3 13. cxd3 d5
B74	Sicilian Defense: Dragon Variation, Classical Variation, Maróczy Line	1. e4 c5 2. Nf3 d6 3. d4 cxd4 4. Nxd4 Nf6 5. Nc3 g6 6. Be2 Bg7 7. O-O O-O 8. Be3 Nc6 9. Nb3 Be6 10. f4 Na5
B74	Sicilian Defense: Dragon Variation, Classical Variation, Normal Line	1. e4 c5 2. Nf3 d6 3. d4 cxd4 4. Nxd4 Nf6 5. Nc3 g6 6. Be2 Bg7 7. O-O O-O 8. Be3 Nc6 9. Nb3
B74	Sicilian Defense: Dragon Variation, Classical Variation, Spielmann Variation	1. e4 c5 2. Nf3 Nc6 3. d4 cxd4 4. Nxd4 g6 5. Nc3 Bg7 6. Be3 Nf6 7. Be2 O-O 8. Nb3 d6 9. O-O Be6 10. f4 Na5 11. f5 Bc4 12. Bd3
B74	Sicilian Defense: Dragon Variation, Classical Variation, Stockholm Attack	1. e4 c5 2. Nc3 d6 3. f4 Nc6 4. Nf3 g6 5. d4 cxd4 6. Nxd4 Bg7 7. Be3 Nf6 8. Be2 O-O 9. Nb3 Be6 10. O-O Na5 11. f5 Bc4 12. Nxa5 Bxe2 13. Qxe2 Qxa5 14. g4
B74	Sicilian Defense: Dragon Variation, Classical Variation, Tartakower Line	1. e4 c5 2. Nf3 d6 3. d4 cxd4 4. Nxd4 Nf6 5. Nc3 g6 6. Be2 Bg7 7. O-O O-O 8. Be3 Nc6 9. Nb3 Be6 10. f4 Qc8
B75	Sicilian Defense: Dragon Variation, Yugoslav Attack, Belezky Line	1. e4 c5 2. Nf3 d6 3. d4 cxd4 4. Nxd4 Nf6 5. Nc3 g6 6. Be3 Bg7 7. f3 Nc6
B75	Sicilian Defense: Dragon Variation, Yugoslav Attack, Early Deviations	1. e4 c5 2. Nf3 d6 3. d4 cxd4 4. Nxd4 Nf6 5. Nc3 g6 6. Be3 Bg7 7. f3
B76	Sicilian Defense: Dragon Variation, Yugoslav Attack	1. e4 c5 2. Nf3 d6 3. d4 cxd4 4. Nxd4 Nf6 5. Nc3 g6 6. Be3 Bg7 7. f3 O-O
B76	Sicilian Defense: Dragon Variation, Yugoslav Attack	1. e4 c5 2. Nf3 d6 3. d4 cxd4 4. Nxd4 Nf6 5. Nc3 g6 6. Be3 Bg7 7. f3 O-O 8. Qd2 Nc6
B76	Sicilian Defense: Dragon Variation, Yugoslav Attack, Modern Line	1. e4 c5 2. Nf3 d6 3. d4 cxd4 4. Nxd4 Nf6 5. Nc3 g6 6. Be3 Bg7 7. f3 Nc6 8. Qd2 O-O 9. O-O-O
B76	Sicilian Defense: Dragon Variation, Yugoslav Attack, Panov Variation	1. e4 c5 2. Nf3 d6 3. d4 cxd4 4. Nxd4 Nf6 5. Nc3 g6 6. Be3 Bg7 7. f3 O-O 8. Qd2 Nc6 9. g4
B77	Sicilian Defense: Dragon Variation, Yugoslav Attack	1. e4 c5 2. Nf3 d6 3. d4 cxd4 4. Nxd4 Nf6 5. Nc3 g6 6. Be3 Bg7 7. f3 O-O 8. Qd2 Nc6 9. Bc4 Bd7
B77	Sicilian Defense: Dragon Variation, Yugoslav Attack, Byrne Variation	1. e4 c5 2. Nf3 d6 3. d4 cxd4 4. Nxd4 Nf6 5. Nc3 g6 6. Be3 Bg7 7. f3 O-O 8. Qd2 Nc6 9. Bc4 a5
B77	Sicilian Defense: Dragon Variation, Yugoslav Attack, Czerniak Variation	1. e4 c5 2. Nf3 d6 3. d4 cxd4 4. Nxd4 Nf6 5. Nc3 g6 6. Be3 Bg7 7. f3 Nc6 8. Qd2 O-O 9. Bc4 Nxd4 10. Bxd4 Be6
B77	Sicilian Defense: Dragon Variation, Yugoslav Attack, Main Line	1. e4 c5 2. Nf3 d6 3. d4 cxd4 4. Nxd4 Nf6 5. Nc3 g6 6. Be3 Bg7 7. f3 O-O 8. Qd2 Nc6 9. Bc4
B77	Sicilian Defense: Dragon Variation, Yugoslav Attack, Sosonko Variation	1. e4 c5 2. Nf3 d6 3. d4 cxd4 4. Nxd4 Nf6 5. Nc3 g6 6. Be3 Bg7 7. f3 Nc6 8. Qd2 O-O 9. Bc4 Nd7
B78	Sicilian Defense: Dragon Variation, Yugoslav Attack	1. e4 c5 2. Nf3 d6 3. d4 cxd4 4. Nxd4 Nf6 5. Nc3 g6 6. Be3 Bg7 7. f3 O-O 8. Qd2 Nc6 9. Bc4 Bd7 10. O-O-O
B78	Sicilian Defense: Dragon Variation, Yugoslav Attack, Old Line	1. e4 c5 2. Nf3 d6 3. d4 cxd4 4. Nxd4 Nf6 5. Nc3 g6 6. Be3 Bg7 7. f3 O-O 8. Qd2 Nc6 9. Bc4 Bd7 10. O-O-O Rc8
B79	Sicilian Defense: Dragon Variation, Yugoslav Attack	1. e4 c5 2. Nf3 d6 3. d4 cxd4 4. Nxd4 Nf6 5. Nc3 g6 6. Be3 Bg7 7. f3 O-O 8. Qd2 Nc6 9. Bc4 Bd7 10. h4 Qa5 11. O-O-O Rfc8 12. Bb3
B79	Sicilian Defense: Dragon Variation, Yugoslav Attack, Soltis Variation	1. e4 c5 2. Nf3 d6 3. d4 cxd4 4. Nxd4 Nf6 5. Nc3 g6 6. Be3 Bg7 7. f3 O-O 8. Qd2 Nc6 9. Bc4 Bd7 10. O-O-O Qa5 11. h4 Rfc8 12. Bb3 h5
B80	Sicilian Defense: Scheveningen Variation	1. e4 c5 2. Nf3 e6 3. d4 cxd4 4. Nxd4 Nf6 5. Nc3 d6
B80	Sicilian Defense: Scheveningen Variation, English Attack, with Qd2	1. e4 c5 2. Nf3 d6 3. d4 cxd4 4. Nxd4 Nf6 5. Nc3 a6 6. Be3 e6 7. Qd2
B80	Sicilian Defense: Scheveningen Variation, Fianchetto Variation	1. e4 c5 2. Nf3 e6 3. d4 cxd4 4. Nxd4 Nf6 5. Nc3 d6 6. g3
B80	Sicilian Defense: Scheveningen Variation, Vitolins Variation	1. e4 c5 2. Nf3 e6 3. d4 cxd4 4. Nxd4 Nf6 5. Nc3 d6 6. Bb5+
B81	Sicilian Defense: Scheveningen Variation, Keres Attack	1. e4 c5 2. Nf3 e6 3. d4 cxd4 4. Nxd4 Nf6 5. Nc3 d6 6. g4
B82	Sicilian Defense: Scheveningen Variation, Matanovic Attack	1. e4 c5 2. Nf3 e6 3. d4 cxd4 4. Nxd4 Nf6 5. Nc3 d6 6. f4
B82	Sicilian Defense: Scheveningen Variation, Tal Variation	1. e4 c5 2. Nf3 e6 3. d4 cxd4 4. Nxd4 Nf6 5. Nc3 d6 6. f4 Nc6 7. Be3 Be7 8. Qf3
B83	Sicilian Defense: Scheveningen Variation, Classical Variation	1. e4 c5 2. Nf3 e6 3. d4 cxd4 4. Nxd4 Nf6 5. Nc3 d6 6. Be2
B83	Sicilian Defense: Scheveningen Variation, Modern Variation	1. e4 c5 2. Nf3 e6 3. d4 cxd4 4. Nxd4 Nc6 5. Nc3 d6 6. Be2 Nf6
B83	Sicilian Defense: Scheveningen Variation, Modern Variation	1. e4 c5 2. Nf3 e6 3. d4 cxd4 4. Nxd4 Nf6 5. Nc3 d6 6. Be2 Be7 7. O-O O-O 8. f4 Nc6 9. Be3
B83	Sicilian Defense: Scheveningen Variation, Modern Variation	1. e4 c5 2. Nf3 e6 3. d4 cxd4 4. Nxd4 Nf6 5. Nc3 d6 6. Be2 Be7 7. O-O O-O 8. f4 Nc6 9. Be3 Bd7 10. Nb3
B84	Sicilian Defense: Najdorf Variation, Scheveningen Variation	1. e4 c5 2. Nf3 d6 3. d4 cxd4 4. Nxd4 Nf6 5. Nc3 a6 6. Be2 e6 7. O-O Nbd7
B84	Sicilian Defense: Scheveningen Variation, Classical Variation	1. e4 c5 2. Nf3 d6 3. d4 cxd4 4. Nxd4 Nf6 5. Nc3 a6 6. Be2 e6
B84	Sicilian Defense: Scheveningen Variation, Classical Variation	1. e4 c5 2. Nf3 d6 3. d4 cxd4 4. Nxd4 Nf6 5. Nc3 a6 6. Be2 e6 7. O-O Qc7
B85	Sicilian Defense: Scheveningen Variation, Classical Main Line	1. e4 c5 2. Nf3 e6 3. d4 cxd4 4. Nxd4 Nc6 5. Nc3 Qc7 6. Be2 a6 7. O-O Nf6 8. Be3 Be7 9. f4 d6 10. Qe1 O-O
B85	Sicilian Defense: Scheveningen Variation, Classical Variation, Paulsen Variation	1. e4 c5 2. Nf3 d6 3. d4 cxd4 4. Nxd4 Nf6 5. Nc3 a6 6. f4 e6 7. Be2 Qc7 8. O-O Nc6
B85	Sicilian Defense: Scheveningen Variation, Classical Variation, Paulsen Variation	1. e4 c5 2. Nf3 e6 3. d4 cxd4 4. Nxd4 Nc6 5. Nc3 Qc7 6. Be2 a6 7. O-O Nf6 8. Be3 d6 9. f4
B85	Sicilian Defense: Scheveningen Variation, Classical Variation, Paulsen Variation	1. e4 c5 2. Nf3 e6 3. d4 cxd4 4. Nxd4 Nc6 5. Nc3 Qc7 6. Be2 a6 7. O-O Nf6 8. Kh1 Be7 9. f4 d6 10. a4
B86	Sicilian Defense: Sozin Attack	1. e4 c5 2. Nf3 e6 3. d4 cxd4 4. Nxd4 Nf6 5. Nc3 d6 6. Bc4
B87	Sicilian Defense: Sozin Attack, Flank Variation	1. e4 c5 2. Nf3 d6 3. d4 cxd4 4. Nxd4 Nf6 5. Nc3 a6 6. Bc4 e6 7. Bb3 b5
B88	Sicilian Defense: Sozin Attack, Fischer Variation	1. e4 c5 2. Nf3 Nc6 3. d4 cxd4 4. Nxd4 Nf6 5. Nc3 d6 6. Bc4 e6 7. Bb3 Be7 8. Be3 O-O 9. f4
B88	Sicilian Defense: Sozin Attack, Leonhardt Variation	1. e4 c5 2. Nf3 Nc6 3. d4 cxd4 4. Nxd4 Nf6 5. Nc3 d6 6. Bc4 e6
B89	Sicilian Defense: Sozin Attack, Main Line	1. e4 c5 2. Nf3 Nc6 3. d4 cxd4 4. Nxd4 Nf6 5. Nc3 d6 6. Bc4 e6 7. Be3
B89	Sicilian Defense: Sozin Attack, Main Line, Sherbakov Variation	1. e4 c5 2. Nf3 d6 3. d4 cxd4 4. Nxd4 Nf6 5. Nc3 Nc6 6. Bc4 e6 7. Be3 Be7 8. Bb3 O-O 9. O-O Na5 10. f4 b6
B89	Sicilian Defense: Velimirovic Attack	1. e4 c5 2. Nf3 Nc6 3. d4 cxd4 4. Nxd4 Nf6 5. Nc3 d6 6. Bc4 e6 7. Be3 Be7 8. Qe2
B90	Sicilian Defense: Najdorf Variation	1. e4 c5 2. Nf3 d6 3. d4 cxd4 4. Nxd4 Nf6 5. Nc3 a6
B90	Sicilian Defense: Najdorf Variation, Adams Attack	1. e4 c5 2. Nf3 d6 3. d4 cxd4 4. Nxd4 Nf6 5. Nc3 a6 6. h3
B90	Sicilian Defense: Najdorf Variation, Dekker Gambit	1. e4 c5 2. Nf3 d6 3. d4 cxd4 4. Nxd4 Nf6 5. Nc3 a6 6. g4
B90	Sicilian Defense: Najdorf Variation, English Attack	1. e4 c5 2. Nf3 d6 3. d4 cxd4 4. Nxd4 Nf6 5. Nc3 a6 6. Be3
B90	Sicilian Defense: Najdorf Variation, English Attack, Anti-English	1. e4 c5 2. Nf3 d6 3. d4 cxd4 4. Nxd4 Nf6 5. Nc3 a6 6. Be3 Ng4
B90	Sicilian Defense: Najdorf Variation, Freak Attack	1. e4 c5 2. Nf3 d6 3. d4 cxd4 4. Nxd4 Nf6 5. Nc3 a6 6. Rg1
B90	Sicilian Defense: Najdorf Variation, Lipnitsky Attack	1. e4 c5 2. Nf3 d6 3. d4 cxd4 4. Nxd4 Nf6 5. Nc3 a6 6. Bc4
B90	Sicilian Defense: Scheveningen Variation, Delayed Keres Attack	1. e4 c5 2. Nf3 d6 3. d4 cxd4 4. Nxd4 Nf6 5. Nc3 a6 6. Be3 e6 7. g4
B90	Sicilian Defense: Scheveningen Variation, Delayed Keres Attack, Perenyi Gambit	1. e4 c5 2. Nf3 d6 3. d4 cxd4 4. Nxd4 Nf6 5. Nc3 a6 6. Be3 e6 7. g4 e5 8. Nf5 g6 9. g5
B90	Sicilian Defense: Scheveningen Variation, English Attack, with f3	1. e4 c5 2. Nf3 d6 3. d4 cxd4 4. Nxd4 Nf6 5. Nc3 a6 6. Be3 e6 7. f3
B91	Sicilian Defense: Najdorf Variation, Zagreb Variation	1. e4 c5 2. Nf3 d6 3. d4 cxd4 4. Nxd4 Nf6 5. Nc3 a6 6. g3
B92	Sicilian Defense: Najdorf Variation, Opocensky Variation	1. e4 c5 2. Nf3 d6 3. d4 cxd4 4. Nxd4 Nf6 5. Nc3 a6 6. Be2
B92	Sicilian Defense: Najdorf Variation, Opocensky Variation	1. e4 c5 2. Nf3 Nf6 3. Nc3 d6 4. d4 cxd4 5. Nxd4 a6 6. Be2 e5 7. Nb3 Be6 8. Be3
B92	Sicilian Defense: Najdorf Variation, Opocensky Variation, Modern Line	1. e4 c5 2. Nf3 d6 3. d4 cxd4 4. Nxd4 Nf6 5. Nc3 a6 6. Be2 e5 7. Nb3 Be7 8. O-O Be6
B92	Sicilian Defense: Najdorf Variation, Opocensky Variation, Traditional Line	1. e4 c5 2. Nf3 d6 3. d4 cxd4 4. Nxd4 Nf6 5. Nc3 a6 6. Be2 e5 7. Nb3 Be7 8. O-O O-O
B93	Sicilian Defense: Najdorf Variation, Amsterdam Variation	1. e4 c5 2. Nf3 d6 3. d4 cxd4 4. Nxd4 Nf6 5. Nc3 a6 6. f4
B94	Sicilian Defense: Najdorf Variation	1. e4 c5 2. Nf3 d6 3. d4 cxd4 4. Nxd4 Nf6 5. Nc3 a6 6. Bg5
B94	Sicilian Defense: Najdorf Variation, Ivkov Variation	1. e4 c5 2. Nf3 d6 3. d4 cxd4 4. Nxd4 Nf6 5. Nc3 a6 6. Bg5 Nbd7 7. Bc4 Qa5 8. Qd2 e6 9. O-O-O b5 10. Bb3 Bb7 11. Rhe1 Nc5 12. e5
B95	Sicilian Defense: Najdorf Variation	1. e4 c5 2. Nf3 d6 3. d4 cxd4 4. Nxd4 Nf6 5. Nc3 a6 6. Bg5 e6
B96	Sicilian Defense: Najdorf Variation	1. e4 c5 2. Nf3 d6 3. d4 cxd4 4. Nxd4 Nf6 5. Nc3 a6 6. Bg5 e6 7. f4
B96	Sicilian Defense: Najdorf Variation, Neo-Classical Defense	1. e4 c5 2. Nf3 d6 3. d4 cxd4 4. Nxd4 Nf6 5. Nc3 a6 6. Bg5 e6 7. f4 Nc6
B96	Sicilian Defense: Najdorf Variation, Polugaevsky Variation	1. e4 c5 2. Nf3 d6 3. d4 cxd4 4. Nxd4 Nf6 5. Nc3 a6 6. Bg5 e6 7. f4 b5
B96	Sicilian Defense: Najdorf Variation, Polugaevsky Variation, Simagin Line	1. e4 c5 2. Nf3 d6 3. d4 cxd4 4. Nxd4 Nf6 5. Nc3 a6 6. Bg5 e6 7. f4 b5 8. e5 dxe5 9. fxe5 Qc7 10. Qe2
B97	Sicilian Defense: Najdorf Variation, Poisoned Pawn Accepted	1. e4 c5 2. Nf3 d6 3. d4 cxd4 4. Nxd4 Nf6 5. Nc3 a6 6. Bg5 e6 7. f4 Qb6 8. Qd2 Qxb2 9. Rb1 Qa3
B97	Sicilian Defense: Najdorf Variation, Poisoned Pawn Variation	1. e4 c5 2. Nf3 d6 3. d4 cxd4 4. Nxd4 Nf6 5. Nc3 a6 6. Bg5 e6 7. f4 Qb6
B98	Sicilian Defense: Najdorf Variation	1. e4 c5 2. Nf3 d6 3. d4 cxd4 4. Nxd4 Nf6 5. Nc3 a6 6. Bg5 e6 7. f4 Be7
B98	Sicilian Defense: Najdorf Variation, Browne Variation	1. e4 c5 2. Nf3 d6 3. d4 cxd4 4. Nxd4 Nf6 5. Nc3 a6 6. Bg5 e6 7. f4 Be7 8. Qf3 h6 9. Bh4 Qc7
B98	Sicilian Defense: Najdorf Variation, Goteborg Variation	1. e4 c5 2. Nf3 d6 3. d4 cxd4 4. Nxd4 Nf6 5. Nc3 a6 6. Bg5 e6 7. f4 Be7 8. Qf3 h6 9. Bh4 g5
B98	Sicilian Defense: Najdorf Variation, Traditional Line	1. e4 c5 2. Nf3 d6 3. d4 cxd4 4. Nxd4 Nf6 5. Nc3 a6 6. Bg5 e6 7. f4 Be7 8. Qf3 Qc7
B99	Sicilian Defense: Najdorf Variation, Main Line	1. e4 c5 2. Nf3 d6 3. d4 cxd4 4. Nxd4 Nf6 5. Nc3 a6 6. Bg5 e6 7. f4 Be7 8. Qf3 Qc7 9. O-O-O Nbd7
C00	French Defense	1. e4 e6
C00	French Defense	1. e4 e6 2. d4 d5
C00	French Defense: Alapin Gambit	1. e4 e6 2. d4 d5 3. Be3
C00	French Defense: Baeuerle Gambit	1. e4 e6 2. d4 b5
C00	French Defense: Banzai-Leong Gambit	1. e4 e6 2. b4
C00	French Defense: Banzai-Leong Gambit, Pinova Gambit	1. e4 e6 2. b4 Bxb4 3. e5
C00	French Defense: Bird Invitation	1. e4 e6 2. Bb5
C00	French Defense: Carlson Gambit	1. e4 e6 2. d4 d5 3. Nf3 dxe4 4. Ne5
C00	French Defense: Chigorin Variation	1. e4 e6 2. Qe2
C00	French Defense: Diemer-Duhm Gambit	1. e4 e6 2. d4 d5 3. c4
C00	French Defense: Diemer-Duhm Gambit Accepted	1. e4 e6 2. d4 d5 3. c4 dxe4
C00	French Defense: Franco-Hiva Gambit	1. e4 e6 2. d4 f5
C00	French Defense: Franco-Hiva Gambit Accepted	1. e4 e6 2. d4 f5 3. exf5
C00	French Defense: Franco-Sicilian Defense	1. e4 e6 2. d4 c5
C00	French Defense: Hoffmann Gambit	1. e4 e6 2. d4 d5 3. Qe2 e5 4. f4 exf4
C00	French Defense: Horwitz Attack	1. e4 e6 2. b3
C00	French Defense: Horwitz Attack, Papa-Ticulat Gambit	1. e4 e6 2. b3 d5 3. Bb2
C00	French Defense: King's Indian Attack	1. e4 e6 2. d3
C00	French Defense: King's Indian Attack, Franco-Hiva Gambit	1. e4 e6 2. d3 f5
C00	French Defense: Knight Variation	1. e4 e6 2. Nf3
C00	French Defense: Knight Variation, Franco-Hiva Gambit	1. e4 e6 2. Nf3 f5
C00	French Defense: La Bourdonnais Variation	1. e4 e6 2. f4
C00	French Defense: La Bourdonnais Variation, Reuter Gambit	1. e4 e6 2. f4 d5 3. Nf3 dxe4
C00	French Defense: Mediterranean Defense	1. e4 e6 2. d4 Nf6
C00	French Defense: Morphy Gambit	1. e4 e6 2. d4 d5 3. Nh3
C00	French Defense: Normal Variation	1. e4 e6 2. d4
C00	French Defense: Orthoschnapp Gambit	1. e4 e6 2. c4 d5 3. cxd5 exd5 4. Qb3
C00	French Defense: Pelikan Variation	1. e4 e6 2. Nc3 d5 3. f4
C00	French Defense: Perseus Gambit	1. e4 e6 2. d4 d5 3. Nf3
C00	French Defense: Queen's Knight	1. e4 e6 2. Nc3
C00	French Defense: Reversed Philidor Formation	1. e4 e6 2. d3 d5 3. Nd2 Nf6 4. Ngf3 Nc6 5. Be2
C00	French Defense: Réti-Spielmann Attack	1. e4 e6 2. g3
C00	French Defense: Schlechter Variation	1. e4 e6 2. d4 d5 3. Bd3
C00	French Defense: St. George Defense	1. e4 e6 2. d4 a6
C00	French Defense: St. George Defense, Sanky-George Gambit	1. e4 e6 2. d4 a6 3. c4 b5
C00	French Defense: St. George Defense, St. George Gambit	1. e4 e6 2. d4 a6 3. c4 b5 4. cxb5 axb5
C00	French Defense: St. George Defense, Three Pawn Attack	1. e4 e6 2. d4 a6 3. c4
C00	French Defense: St. George Defense, Traditional Line	1. e4 e6 2. d4 a6 3. Nf3 b5 4. Bd3 c5 5. c3 Bb7 6. O-O Nf6
C00	French Defense: Steiner Variation	1. e4 e6 2. c4
C00	French Defense: Steinitz Attack	1. e4 e6 2. e5
C00	French Defense: Two Knights Variation	1. e4 e6 2. Nf3 d5 3. Nc3
C00	French Defense: Wing Gambit	1. e4 e6 2. Nf3 d5 3. e5 c5 4. b4
C00	Rat Defense: Small Center Defense	1. d4 e6 2. e4 d6
C01	French Defense: Exchange Variation	1. e4 e6 2. d4 d5 3. exd5
C01	French Defense: Exchange Variation	1. e4 e6 2. d4 d5 3. exd5 exd5 4. Nf3
C01	French Defense: Exchange Variation	1. e4 e6 2. d4 d5 3. exd5 exd5 4. Nc3
C01	French Defense: Exchange Variation, Bogoljubow Variation	1. e4 e6 2. d4 d5 3. exd5 exd5 4. Nc3 Nf6 5. Bg5 Nc6
C01	French Defense: Exchange Variation, Monte Carlo Variation	1. e4 e6 2. d4 d5 3. exd5 exd5 4. c4
C01	French Defense: Exchange Variation, Svenonius Variation	1. e4 e6 2. d4 d5 3. Nc3 Nf6 4. exd5 exd5 5. Bg5
C02	French Defense: Advance Variation	1. e4 e6 2. d4 d5 3. e5
C02	French Defense: Advance Variation	1. e4 e6 2. d4 d5 3. e5 c5
C02	French Defense: Advance Variation	1. e4 e6 2. d4 d5 3. e5 c5 4. c3
C02	French Defense: Advance Variation	1. e4 e6 2. d4 d5 3. e5 c5 4. c3 Nc6
C02	French Defense: Advance Variation, Euwe Variation	1. e4 e6 2. d4 d5 3. e5 c5 4. c3 Nc6 5. Nf3 Bd7
C02	French Defense: Advance Variation, Extended Bishop Swap	1. e4 e6 2. d4 d5 3. e5 Bd7
C02	French Defense: Advance Variation, Frenkel Gambit	1. e4 e6 2. d4 d5 3. e5 c5 4. b4
C02	French Defense: Advance Variation, Lputian Variation	1. e4 e6 2. d4 d5 3. e5 c5 4. c3 Nc6 5. Nf3 Qb6 6. a3 Nh6
C02	French Defense: Advance Variation, Main Line	1. e4 e6 2. d4 d5 3. e5 c5 4. c3 Nc6 5. Nf3 Qb6 6. a3
C02	French Defense: Advance Variation, Milner-Barry Gambit	1. e4 e6 2. d4 d5 3. e5 c5 4. c3 Nc6 5. Nf3 Qb6 6. Bd3
C02	French Defense: Advance Variation, Milner-Barry Gambit, Hector Variation	1. e4 e6 2. d4 d5 3. e5 c5 4. c3 Nc6 5. Nf3 Qb6 6. Bd3 cxd4 7. O-O
C02	French Defense: Advance Variation, Milner-Barry Gambit, Hector Variation	1. e4 e6 2. d4 d5 3. e5 c5 4. c3 Nc6 5. Nf3 Qb6 6. Bd3 cxd4 7. O-O Bd7 8. Re1
C02	French Defense: Advance Variation, Milner-Barry Gambit, Main Line	1. e4 e6 2. d4 d5 3. e5 c5 4. c3 Nc6 5. Nf3 Qb6 6. Bd3 cxd4 7. cxd4 Bd7 8. O-O
C02	French Defense: Advance Variation, Milner-Barry Gambit, Sørensen Variation	1. e4 e6 2. d4 d5 3. e5 c5 4. c3 Nc6 5. Nf3 Qb6 6. Bd3 cxd4 7. cxd4 Bd7 8. O-O Nxd4 9. Ng5
C02	French Defense: Advance Variation, Nimzowitsch Attack	1. e4 e6 2. d4 d5 3. e5 c5 4. Qg4
C02	French Defense: Advance Variation, Nimzowitsch Gambit	1. e4 e6 2. d4 d5 3. e5 c5 4. Qg4 cxd4 5. Nf3
C02	French Defense: Advance Variation, Nimzowitsch System	1. e4 e6 2. d4 d5 3. e5 c5 4. Nf3
C02	French Defense: Advance Variation, Paulsen Attack	1. e4 e6 2. d4 d5 3. e5 c5 4. c3 Nc6 5. Nf3
C02	French Defense: Advance Variation, Ruisdonk Gambit	1. e4 e6 2. d4 d5 3. e5 c5 4. Nf3 cxd4 5. Bd3
C02	French Defense: Advance Variation, Steinitz Variation	1. e4 e6 2. d4 d5 3. e5 c5 4. dxc5
C02	French Defense: Advance Variation, Wade Variation	1. e4 e6 2. d4 d5 3. e5 c5 4. c3 Qb6 5. Nf3 Bd7
C03	French Defense: Tarrasch Variation	1. e4 e6 2. d4 d5 3. Nd2
C03	French Defense: Tarrasch Variation, Guimard Defense	1. e4 e6 2. d4 d5 3. Nd2 Nc6
C03	French Defense: Tarrasch Variation, Guimard Defense, Thunderbunny Variation	1. e4 e6 2. d4 d5 3. Nd2 Nc6 4. c3 dxe4 5. Nxe4 e5
C03	French Defense: Tarrasch Variation, Haberditz Variation	1. e4 e6 2. d4 d5 3. Nd2 f5
C03	French Defense: Tarrasch Variation, Modern System	1. e4 e6 2. d4 d5 3. Nd2 a6
C03	French Defense: Tarrasch Variation, Morozevich Variation	1. e4 e6 2. d4 d5 3. Nd2 Be7
C04	French Defense: Tarrasch Variation, Guimard Defense, Main Line	1. e4 e6 2. d4 d5 3. Nd2 Nc6 4. Ngf3 Nf6
C05	French Defense: Tarrasch Variation, Botvinnik Variation	1. e4 e6 2. d4 d5 3. Nd2 Nf6 4. e5 Nfd7 5. Bd3 c5 6. c3 b6
C05	French Defense: Tarrasch Variation, Closed Variation	1. e4 e6 2. d4 d5 3. Nd2 Nf6
C05	French Defense: Tarrasch Variation, Closed Variation	1. e4 e6 2. d4 d5 3. Nd2 Nf6 4. e5 Nfd7 5. Bd3 c5 6. c3 Nc6
C05	French Defense: Tarrasch Variation, Pawn Center Variation	1. e4 e6 2. d4 d5 3. Nd2 Nf6 4. e5 Nfd7 5. f4
C06	French Defense: Tarrasch Variation, Closed Variation, Main Line	1. e4 e6 2. d4 d5 3. Nd2 Nf6 4. e5 Nfd7 5. Bd3 c5 6. c3 Nc6 7. Ne2 cxd4 8. cxd4
C06	French Defense: Tarrasch Variation, Leningrad Variation	1. e4 e6 2. d4 d5 3. Nd2 Nf6 4. e5 Nfd7 5. Bd3 c5 6. c3 Nc6 7. Ne2 cxd4 8. cxd4 Nb6
C07	French Defense: Tarrasch Variation, Chistyakov Defense	1. e4 e6 2. d4 d5 3. Nd2 c5 4. exd5 Qxd5
C07	French Defense: Tarrasch Variation, Chistyakov Defense, Modern Line	1. e4 e6 2. d4 d5 3. Nd2 c5 4. exd5 Qxd5 5. Ngf3 cxd4 6. Bc4 Qd6 7. O-O Nf6 8. Nb3 Nc6 9. Nbxd4 Nxd4 10. Nxd4 a6
C07	French Defense: Tarrasch Variation, Eliskases Variation	1. e4 e6 2. d4 d5 3. Nd2 c5 4. exd5 Qxd5 5. Ngf3 cxd4 6. Bc4 Qd8
C07	French Defense: Tarrasch Variation, Open System	1. e4 e6 2. d4 d5 3. Nd2 c5
C07	French Defense: Tarrasch Variation, Open System, Euwe-Keres Line	1. e4 e6 2. d4 d5 3. Nd2 c5 4. Ngf3
C07	French Defense: Tarrasch Variation, Open System, Shaposhnikov Gambit	1. e4 e6 2. d4 d5 3. Nd2 c5 4. exd5 Nf6
C07	French Defense: Tarrasch Variation, Open System, Süchting Line	1. e4 e6 2. d4 d5 3. Nd2 c5 4. c3
C08	French Defense: Tarrasch Variation, Open System	1. e4 e6 2. d4 d5 3. Nd2 c5 4. exd5 exd5
C08	French Defense: Tarrasch Variation, Open System, Advance Line	1. e4 e6 2. d4 d5 3. Nd2 c5 4. exd5 exd5 5. Ngf3 c4
C09	French Defense: Tarrasch Variation, Open System, Main Line	1. e4 e6 2. d4 d5 3. Nd2 c5 4. exd5 exd5 5. Ngf3 Nc6
C10	French Defense: Hecht-Reefschläger Variation	1. e4 e6 2. d4 d5 3. Nc3 Nc6
C10	French Defense: Marshall Gambit	1. e4 e6 2. d4 d5 3. Nc3 c5
C10	French Defense: Paulsen Variation	1. e4 e6 2. d4 d5 3. Nc3
C10	French Defense: Rubinstein Variation	1. e4 e6 2. d4 d5 3. Nc3 dxe4
C10	French Defense: Rubinstein Variation, Blackburne Defense	1. e4 e6 2. d4 d5 3. Nc3 dxe4 4. Nxe4 Nd7
C10	French Defense: Rubinstein Variation, Capablanca Line	1. e4 e6 2. d4 d5 3. Nc3 dxe4 4. Nxe4 Nd7 5. Nf3 Ngf6 6. Nxf6+ Nxf6 7. Ne5
C10	French Defense: Rubinstein Variation, Ellis Gambit	1. e4 e6 2. d4 d5 3. Nc3 dxe4 4. Nxe4 e5
C10	French Defense: Rubinstein Variation, Fort Knox Variation	1. e4 e6 2. d4 d5 3. Nc3 dxe4 4. Nxe4 Bd7 5. Nf3 Bc6
C10	French Defense: Rubinstein Variation, Kasparov Attack	1. e4 e6 2. d4 d5 3. Nd2 dxe4 4. Nxe4 Nd7 5. Nf3 Ngf6 6. Nxf6+ Nxf6 7. c3
C10	French Defense: Rubinstein Variation, Maric Variation	1. e4 e6 2. d4 d5 3. Nc3 dxe4 4. Nxe4 Qd5
C11	French Defense: Classical Variation	1. e4 e6 2. d4 d5 3. Nc3 Nf6
C11	French Defense: Classical Variation	1. e4 e6 2. d4 d5 3. Nc3 Nf6 4. Bg5
C11	French Defense: Classical Variation, Burn Variation	1. e4 e6 2. d4 d5 3. Nc3 Nf6 4. Bg5 dxe4
C11	French Defense: Classical Variation, Burn Variation, Main Line	1. e4 e6 2. d4 d5 3. Nc3 Nf6 4. Bg5 dxe4 5. Nxe4 Be7 6. Bxf6 Bxf6 7. Nf3 O-O
C11	French Defense: Classical Variation, Burn Variation, Morozevich Line	1. e4 e6 2. d4 d5 3. Nc3 Nf6 4. Bg5 dxe4 5. Nxe4 Be7 6. Bxf6 gxf6
C11	French Defense: Classical Variation, Delayed Exchange Variation	1. e4 e6 2. d4 d5 3. Nc3 Nf6 4. exd5
C11	French Defense: Classical Variation, Shirov-Anand Variation	1. e4 e6 2. d4 d5 3. Nc3 Nf6 4. e5 Nfd7 5. Nce2
C11	French Defense: Classical Variation, Steinitz Variation	1. e4 e6 2. d4 d5 3. Nc3 Nf6 4. e5
C11	French Defense: Classical Variation, Swiss Variation	1. e4 e6 2. d4 d5 3. Nc3 Nf6 4. Bd3
C11	French Defense: Henneberger Variation	1. e4 e6 2. d4 d5 3. Nc3 Nf6 4. Be3
C11	French Defense: Steinitz Variation	1. e4 e6 2. d4 d5 3. Nc3 a6 4. Nf3 Nf6 5. e5 Nfd7
C11	French Defense: Steinitz Variation	1. e4 e6 2. d4 d5 3. Nc3 a6 4. Nf3 Nf6 5. e5 Nfd7 6. a3
C11	French Defense: Steinitz Variation	1. e4 e6 2. d4 d5 3. Nc3 a6 4. Nf3 Nf6 5. e5 Nfd7 6. Ne2
C11	French Defense: Steinitz Variation	1. e4 e6 2. d4 d5 3. Nc3 Nf6 4. e5 Nfd7 5. f4 c5 6. dxc5 Nc6
C11	French Defense: Steinitz Variation	1. e4 e6 2. d4 d5 3. Nc3 Nf6 4. e5 Nfd7 5. f4 c5 6. Nf3
C11	French Defense: Steinitz Variation, Boleslavsky Variation	1. e4 e6 2. d4 d5 3. Nc3 Nf6 4. e5 Nfd7 5. f4 c5 6. Nf3 Nc6 7. Be3
C11	French Defense: Steinitz Variation, Bradford Attack Variation	1. e4 e6 2. d4 d5 3. Nc3 Nf6 4. e5 Nfd7 5. f4 c5 6. dxc5 Bxc5 7. Qg4
C11	French Defense: Steinitz Variation, Brodsky-Jones Variation	1. e4 e6 2. d4 d5 3. Nc3 Nf6 4. e5 Nfd7 5. f4 c5 6. dxc5 Nc6 7. a3 Bxc5 8. Qg4 O-O 9. Nf3 f6
C11	French Defense: Steinitz Variation, Gledhill Attack	1. e4 e6 2. d4 d5 3. Nc3 Nf6 4. e5 Nfd7 5. Qg4
C12	French Defense: McCutcheon Variation	1. e4 e6 2. d4 d5 3. Nc3 Nf6 4. Bg5 Bb4
C12	French Defense: McCutcheon Variation, Advance Variation	1. e4 e6 2. d4 d5 3. Nc3 Nf6 4. Bg5 Bb4 5. e5
C12	French Defense: McCutcheon Variation, Bernstein Variation	1. e4 e6 2. d4 d5 3. Nc3 Nf6 4. Bg5 Bb4 5. e5 h6 6. Bh4
C12	French Defense: McCutcheon Variation, Bogoljubow Variation	1. e4 e6 2. d4 d5 3. Nc3 Nf6 4. Bg5 Bb4 5. exd5 Qxd5 6. Bxf6 gxf6 7. Qd2 Qa5
C12	French Defense: McCutcheon Variation, Chigorin Variation	1. e4 e6 2. d4 d5 3. Nc3 Nf6 4. Bg5 Bb4 5. e5 h6 6. exf6
C12	French Defense: McCutcheon Variation, Dr. Olland Variation	1. e4 e6 2. d4 d5 3. Nc3 Nf6 4. Bg5 Bb4 5. e5 h6 6. Bc1
C12	French Defense: McCutcheon Variation, Duras Variation	1. e4 e6 2. Nc3 d5 3. d4 Nf6 4. Bg5 Bb4 5. e5 h6 6. Bd2 Bxc3 7. bxc3 Ne4 8. Qg4 Kf8 9. Bc1
C12	French Defense: McCutcheon Variation, Exchange Variation	1. e4 e6 2. d4 d5 3. Nc3 Nf6 4. Bg5 Bb4 5. exd5
C12	French Defense: McCutcheon Variation, Grigoriev Variation	1. e4 e6 2. d4 d5 3. Nc3 Nf6 4. Bg5 Bb4 5. e5 h6 6. exf6 hxg5 7. fxg7 Rg8 8. h4 gxh4 9. Qg4
C12	French Defense: McCutcheon Variation, Janowski Variation	1. e4 e6 2. d4 d5 3. Nc3 Nf6 4. Bg5 Bb4 5. e5 h6 6. Be3
C12	French Defense: McCutcheon Variation, Lasker Variation	1. e4 e6 2. d4 d5 3. Nc3 Nf6 4. Bg5 Bb4 5. e5 h6 6. Bd2 Bxc3
C12	French Defense: McCutcheon Variation, Lasker Variation	1. e4 e6 2. d4 d5 3. Nc3 Nf6 4. Bg5 Bb4 5. e5 h6 6. Bd2 Bxc3 7. bxc3 Ne4 8. Qg4 g6
C12	French Defense: McCutcheon Variation, Tartakower Variation	1. e4 e6 2. d4 d5 3. Nc3 Nf6 4. Bg5 Bb4 5. e5 h6 6. Bd2 Nfd7
C13	French Defense: Alekhine-Chatard Attack	1. e4 e6 2. d4 d5 3. Nc3 Nf6 4. Bg5 Be7 5. e5 Nfd7 6. h4
C13	French Defense: Alekhine-Chatard Attack, Albin-Chatard Gambit	1. e4 e6 2. d4 d5 3. Nc3 Nf6 4. Bg5 Be7 5. e5 Nfd7 6. h4 Bxg5 7. hxg5 Qxg5
C13	French Defense: Alekhine-Chatard Attack, Breyer Variation	1. e4 e6 2. d4 d5 3. Nc3 Nf6 4. Bg5 Be7 5. e5 Nfd7 6. h4 c5
C13	French Defense: Alekhine-Chatard Attack, Maróczy Variation	1. e4 e6 2. d4 d5 3. Nc3 Nf6 4. Bg5 Be7 5. e5 Nfd7 6. h4 a6
C13	French Defense: Alekhine-Chatard Attack, Spielmann Variation	1. e4 e6 2. d4 d5 3. Nc3 Nf6 4. Bg5 Be7 5. e5 Nfd7 6. h4 O-O
C13	French Defense: Alekhine-Chatard Attack, Teichmann Variation	1. e4 e6 2. d4 d5 3. Nc3 Nf6 4. Bg5 Be7 5. e5 Nfd7 6. h4 f6
C13	French Defense: Classical Variation	1. e4 e6 2. d4 d5 3. Nc3 Nf6 4. Bg5 dxe4 5. Nxe4 Be7
C13	French Defense: Classical Variation, Frankfurt Variation	1. e4 e6 2. d4 d5 3. Nc3 Nf6 4. Bg5 Be7 5. e5 Ng8 6. Be3 b6
C13	French Defense: Classical Variation, Normal Variation	1. e4 e6 2. d4 d5 3. Nc3 Nf6 4. Bg5 Be7
C13	French Defense: Classical Variation, Richter Attack	1. e4 e6 2. d4 d5 3. Nc3 Nf6 4. Bg5 Be7 5. Bxf6
C13	French Defense: Classical Variation, Richter Attack	1. e4 e6 2. d4 d5 3. Nc3 Nf6 4. Bg5 Be7 5. Bxf6 Bxf6 6. e5 Be7 7. Qg4
C13	French Defense: Classical Variation, Tartakower Variation	1. e4 e6 2. d4 d5 3. Nc3 Nf6 4. Bg5 Be7 5. e5 Ne4
C13	French Defense: Classical Variation, Vistaneckis Variation	1. e4 e6 2. d4 d5 3. Nc3 Nf6 4. Bg5 Be7 5. e5 Ng8
C14	French Defense: Classical Variation	1. e4 e6 2. d4 d5 3. Nc3 a6 4. Nf3 Nf6 5. e5 Nfd7 6. Bg5
C14	French Defense: Classical Variation	1. e4 e6 2. d4 d5 3. Nc3 Nf6 4. Bg5 Be7 5. e5 Nfd7 6. Bxe7 Qxe7
C14	French Defense: Classical Variation, Alapin Variation	1. e4 e6 2. d4 d5 3. Nc3 Nf6 4. Bg5 Be7 5. e5 Nfd7 6. Bxe7 Qxe7 7. Nb5
C14	French Defense: Classical Variation, Pollock Variation	1. e4 e6 2. d4 d5 3. Nc3 Nf6 4. Bg5 Be7 5. e5 Nfd7 6. Bxe7 Qxe7 7. Qg4
C14	French Defense: Classical Variation, Rubinstein Variation	1. e4 e6 2. d4 d5 3. Nc3 Nf6 4. Bg5 Be7 5. e5 Nfd7 6. Bxe7 Qxe7 7. Qd2
C14	French Defense: Classical Variation, Stahlberg Variation	1. e4 e6 2. d4 d5 3. Nc3 Nf6 4. Bg5 Be7 5. e5 Nfd7 6. Bxe7 Qxe7 7. f4 O-O 8. Nf3 c5 9. Qd2 Nc6 10. O-O-O c4
C14	French Defense: Classical Variation, Steinitz Variation	1. e4 e6 2. d4 d5 3. Nc3 Nf6 4. Bg5 Be7 5. e5 Nfd7 6. Bxe7 Qxe7 7. f4
C14	French Defense: Classical Variation, Tarrasch Variation	1. e4 e6 2. d4 d5 3. Nc3 Nf6 4. Bg5 Be7 5. e5 Nfd7 6. Bxe7 Qxe7 7. Bd3
C15	French Defense: McCutcheon Variation, Wolf Gambit	1. e4 e6 2. d4 d5 3. Nc3 Bb4 4. Ne2 Nf6 5. Bg5
C15	French Defense: Winawer Variation	1. e4 e6 2. d4 d5 3. Nc3 Bb4
C15	French Defense: Winawer Variation, Alekhine Gambit Accepted	1. e4 e6 2. d4 d5 3. Nc3 Bb4 4. Ne2 dxe4 5. a3 Bxc3+
C15	French Defense: Winawer Variation, Alekhine Gambit, Alatortsev Variation	1. e4 e6 2. d4 d5 3. Nc3 Bb4 4. Ne2 dxe4 5. a3 Be7 6. Nxe4 Nf6 7. N2g3 O-O 8. Be2 Nc6
C15	French Defense: Winawer Variation, Alekhine Gambit, Kan Variation	1. e4 e6 2. d4 d5 3. Nc3 Bb4 4. Ne2 dxe4 5. a3 Bxc3+ 6. Nxc3 Nc6
C15	French Defense: Winawer Variation, Alekhine-Maróczy Gambit	1. e4 e6 2. d4 d5 3. Nc3 Bb4 4. Ne2
C15	French Defense: Winawer Variation, Delayed Exchange Variation	1. e4 e6 2. d4 d5 3. Nc3 Bb4 4. exd5
C15	French Defense: Winawer Variation, Exchange Variation, Canal Attack	1. e4 e6 2. d4 d5 3. Nc3 Bb4 4. exd5 exd5 5. Bd3 Ne7 6. Qh5
C15	French Defense: Winawer Variation, Fingerslip Variation	1. e4 e6 2. d4 d5 3. Nc3 Bb4 4. Bd2
C15	French Defense: Winawer Variation, Fingerslip Variation, Kunin Double Gambit	1. e4 e6 2. d4 d5 3. Nc3 Bb4 4. Bd2 dxe4 5. Qg4 Qxd4
C15	French Defense: Winawer Variation, Fingerslip Variation, Main Line	1. e4 e6 2. d4 d5 3. Nc3 Bb4 4. Bd2 dxe4 5. Qg4 Nf6 6. Qxg7 Rg8 7. Qh6
C15	French Defense: Winawer Variation, Fingerslip Variation, Schwarz's Line	1. e4 e6 2. d4 d5 3. Nc3 Bb4 4. Bd2 Ne7 5. Nb1
C15	French Defense: Winawer Variation, Kondratiyev Variation	1. e4 e6 2. d4 d5 3. Nc3 Bb4 4. Bd3 c5 5. exd5 Qxd5 6. Bd2
C15	French Defense: Winawer Variation, Winckelmann-Reimer Gambit	1. e4 e6 2. d4 d5 3. Nc3 Bb4 4. a3 Bxc3+ 5. bxc3 dxe4 6. f3
C16	French Defense: Winawer Variation, Advance Variation	1. e4 e6 2. d4 d5 3. Nc3 Bb4 4. e5
C16	French Defense: Winawer Variation, Petrosian Variation	1. e4 e6 2. d4 d5 3. Nc3 Bb4 4. e5 Qd7
C17	French Defense: Winawer Variation, Advance Variation	1. e4 e6 2. d4 d5 3. Nc3 Bb4 4. e5 c5
C17	French Defense: Winawer Variation, Advance Variation	1. e4 e6 2. d4 d5 3. Nc3 Bb4 4. e5 c5 5. a3
C17	French Defense: Winawer Variation, Advance Variation	1. e4 e6 2. d4 d5 3. Nc3 Bb4 4. e5 c5 5. a3 cxd4 6. axb4 dxc3 7. Nf3
C17	French Defense: Winawer Variation, Advance Variation, Moscow Variation	1. e4 e6 2. d4 d5 3. Nc3 Bb4 4. e5 c5 5. Qg4
C17	French Defense: Winawer Variation, Bogoljubow Variation	1. e4 e6 2. d4 d5 3. Nc3 Bb4 4. e5 c5 5. Bd2
C17	French Defense: Winawer Variation, Bogoljubow Variation, Icelandic Defense	1. e4 e6 2. d4 d5 3. Nc3 Bb4 4. e5 c5 5. Bd2 Ne7 6. f4
C17	French Defense: Winawer Variation, Maróczy-Wallis Variation	1. e4 e6 2. d4 d5 3. Nc3 Bb4 4. e5 c5 5. a3 cxd4 6. axb4 dxc3
C17	French Defense: Winawer Variation, Retreat Variation	1. e4 e6 2. d4 d5 3. Nc3 Bb4 4. e5 c5 5. a3 Ba5
C17	French Defense: Winawer Variation, Retreat Variation, Armenian Line	1. e4 e6 2. d4 d5 3. Nc3 Bb4 4. e5 c5 5. a3 Ba5 6. b4 cxd4
C18	French Defense: Winawer Variation, Advance Variation	1. e4 e6 2. d4 d5 3. Nc3 Bb4 4. e5 c5 5. a3 Bxc3+ 6. bxc3
C18	French Defense: Winawer Variation, Classical Variation	1. e4 e6 2. d4 d5 3. Nc3 Bb4 4. e5 c5 5. a3 Bxc3+ 6. bxc3 Qc7
C18	French Defense: Winawer Variation, Eingorn Variation	1. e4 e6 2. d4 d5 3. Nc3 Bb4 4. e5 c5 5. a3 Bxc3+ 6. bxc3 Ne7 7. Qg4 Kf8
C18	French Defense: Winawer Variation, Poisoned Pawn Variation	1. e4 e6 2. d4 d5 3. Nc3 Bb4 4. e5 c5 5. a3 Bxc3+ 6. bxc3 Ne7 7. Qg4 Qc7
C18	French Defense: Winawer Variation, Poisoned Pawn Variation	1. e4 e6 2. d4 d5 3. Nc3 Bb4 4. e5 c5 5. a3 Bxc3+ 6. bxc3 Ne7 7. Qg4 cxd4 8. Qxg7
C18	French Defense: Winawer Variation, Poisoned Pawn Variation	1. e4 e6 2. d4 d5 3. Nc3 Bb4 4. e5 c5 5. a3 Bxc3+ 6. bxc3 Ne7 7. Qg4 cxd4 8. Qxg7 Rg8 9. Qxh7 Nbc6
C18	French Defense: Winawer Variation, Poisoned Pawn Variation, Main Line	1. e4 e6 2. d4 d5 3. Nc3 Bb4 4. e5 c5 5. a3 Bxc3+ 6. bxc3 Ne7 7. Qg4 Qc7 8. Qxg7 Rg8 9. Qxh7 cxd4 10. Ne2
C18	French Defense: Winawer Variation, Poisoned Pawn Variation, Paoli Variation	1. e4 e6 2. d4 d5 3. Nc3 Bb4 4. e5 c5 5. a3 Bxc3+ 6. bxc3 Ne7 7. Qg4 Qc7 8. Qxg7 Rg8 9. Qxh7 cxd4 10. Kd1
C18	French Defense: Winawer Variation, Portisch-Hook Variation	1. e4 e6 2. d4 d5 3. Nc3 Bb4 4. e5 c5 5. a3 Bxc3+ 6. bxc3 Qa5
C18	French Defense: Winawer Variation, Warsaw Variation	1. e4 e6 2. d4 d5 3. Nc3 Bb4 4. e5 c5 5. a3 Bxc3+ 6. bxc3 Ne7 7. Qg4 O-O
C19	French Defense: Winawer Variation, Advance Variation, Smyslov Variation	1. e4 e6 2. d4 d5 3. Nc3 Bb4 4. e5 Ne7 5. a3 Bxc3+ 6. bxc3 c5 7. a4
C19	French Defense: Winawer Variation, Advance Variation, Smyslov Variation	1. e4 e6 2. d4 d5 3. Nc3 Bb4 4. e5 Ne7 5. a3 Bxc3+ 6. bxc3 c5 7. a4 Nbc6 8. Nf3
C19	French Defense: Winawer Variation, Positional Variation	1. e4 e6 2. d4 d5 3. Nc3 Bb4 4. e5 c5 5. a3 Bxc3+ 6. bxc3 Ne7 7. Nf3
C19	French Defense: Winawer Variation, Positional Variation	1. e4 e6 2. d4 d5 3. Nc3 Bb4 4. e5 c5 5. a3 Bxc3+ 6. bxc3 Nc6 7. Nf3 Nge7
C19	French Defense: Winawer Variation, Positional Variation	1. e4 e6 2. d4 d5 3. Nc3 Bb4 4. e5 c5 5. a3 Bxc3+ 6. bxc3 Ne7 7. Nf3 Qc7
C19	French Defense: Winawer Variation, Positional Variation	1. e4 e6 2. d4 d5 3. Nc3 Bb4 4. e5 c5 5. a3 Bxc3+ 6. bxc3 Ne7 7. Nf3 Qc7 8. h4
C19	French Defense: Winawer Variation, Positional Variation	1. e4 e6 2. d4 d5 3. Nc3 Bb4 4. e5 c5 5. a3 Bxc3+ 6. bxc3 Nc6 7. Nf3 Qa5 8. Bd2 Nge7
C20	Barnes Opening: Walkerling	1. f3 e5 2. e4 Nf6 3. Bc4
C20	Bongcloud Attack	1. e4 e5 2. Ke2
C20	Center Game	1. e4 e5 2. d4
C20	English Opening: The Whale	1. e4 e5 2. c4
C20	King's Pawn Game	1. e4 e5
C20	King's Pawn Game: Alapin Opening	1. e4 e5 2. Ne2
C20	King's Pawn Game: Bavarian Gambit	1. e4 e5 2. c4 d5
C20	King's Pawn Game: Beyer Gambit	1. e4 e5 2. d4 d5
C20	King's Pawn Game: Clam Variation, King's Gambit Reversed	1. e4 e5 2. d3 f5
C20	King's Pawn Game: Clam Variation, Radisch Gambit	1. e4 e5 2. d3 Nf6 3. f4 Bc5
C20	King's Pawn Game: King's Head Opening	1. e4 e5 2. f3
C20	King's Pawn Game: King's Head Opening	1. e4 e5 2. f3 Nf6 3. Nc3
C20	King's Pawn Game: Leonardis Variation	1. e4 e5 2. d3
C20	King's Pawn Game: MacLeod Attack	1. e4 e5 2. c3
C20	King's Pawn Game: MacLeod Attack, Lasa Gambit	1. e4 e5 2. c3 f5
C20	King's Pawn Game: MacLeod Attack, Norwalde Gambit	1. e4 e5 2. c3 d5 3. Qh5 Bd6
C20	King's Pawn Game: Mengarini's Opening	1. e4 e5 2. a3
C20	King's Pawn Game: Napoleon Attack	1. e4 e5 2. Qf3
C20	King's Pawn Game: Philidor Gambit	1. e4 e5 2. d4 d6 3. dxe5 Bd7
C20	King's Pawn Game: Tortoise Opening	1. e4 e5 2. Bd3
C20	King's Pawn Game: Wayward Queen Attack	1. e4 e5 2. Qh5
C20	King's Pawn Game: Wayward Queen Attack, Kiddie Countergambit	1. e4 e5 2. Qh5 Nf6
C20	King's Pawn Game: Wayward Queen Attack, Mellon Gambit	1. e4 e5 2. Qh5 Nc6 3. Bc4 Nh6 4. d3 g6 5. Qf3 f6 6. Ne2 d5
C20	King's Pawn Game: Weber Gambit	1. e4 e5 2. d3 d5 3. exd5 c6 4. dxc6 Nxc6
C20	King's Pawn Opening	1. e4 e5 2. b3
C20	King's Pawn Opening: Speers	1. e4 e5 2. Qg4 Nf6 3. Qf5
C20	King's Pawn Opening: Van Hooydoon Gambit	1. e4 e5 2. Qe2 Nc6 3. c3 Nf6 4. Nf3 Bc5 5. d4 exd4 6. cxd4 Nxd4
C20	Portuguese Opening	1. e4 e5 2. Bb5
C20	Portuguese Opening: Miguel Gambit	1. e4 e5 2. Bb5 Bc5 3. b4
C20	Portuguese Opening: Portuguese Gambit	1. e4 e5 2. Bb5 Nf6 3. d4
C21	Center Game	1. e4 e5 2. d4 exd4 3. Qxd4
C21	Center Game Accepted	1. e4 e5 2. d4 exd4
C21	Center Game: Halasz-McDonnell Gambit	1. e4 e5 2. d4 exd4 3. f4
C21	Center Game: Halasz-McDonnell Gambit, Crocodile Variation	1. e4 e5 2. d4 exd4 3. f4 Bc5 4. Nf3 Nc6 5. c3
C21	Center Game: Kieseritzky Variation	1. e4 e5 2. d4 exd4 3. Nf3
C21	Center Game: Kieseritzky Variation	1. e4 e5 2. d4 exd4 3. Nf3 c5
C21	Center Game: Kieseritzky Variation	1. e4 e5 2. d4 exd4 3. Nf3 c5 4. Bc4
C21	Center Game: Lanc-Arnold Gambit	1. e4 e5 2. d4 exd4 3. Nf3 Bc5 4. c3
C21	Center Game: Lanc-Arnold Gambit, Schippler Gambit	1. e4 e5 2. d4 exd4 3. Nf3 Bc5 4. c3 dxc3 5. Bc4
C21	Center Game: Ross Gambit	1. e4 e5 2. d4 exd4 3. Bd3
C21	Center Game: von der Lasa Gambit	1. e4 e5 2. d4 exd4 3. Bc4
C21	Danish Gambit	1. e4 e5 2. d4 exd4 3. c3
C21	Danish Gambit Accepted	1. e4 e5 2. d4 exd4 3. c3 dxc3
C21	Danish Gambit Accepted: Chigorin Defense	1. e4 e5 2. d4 exd4 3. c3 dxc3 4. Bc4 cxb2 5. Bxb2 Qe7
C21	Danish Gambit Accepted: Classical Defense	1. e4 e5 2. d4 exd4 3. c3 dxc3 4. Bc4 cxb2 5. Bxb2 Nf6
C21	Danish Gambit Accepted: Copenhagen Defense	1. e4 e5 2. d4 exd4 3. c3 dxc3 4. Bc4 cxb2 5. Bxb2 Bb4+
C21	Danish Gambit Accepted: Schlechter Defense	1. e4 e5 2. d4 exd4 3. c3 dxc3 4. Bc4 cxb2 5. Bxb2 d5
C21	Danish Gambit Accepted: Svenonius Defense	1. e4 e5 2. d4 exd4 3. c3 Ne7
C21	Danish Gambit Declined: Sörensen Defense	1. e4 e5 2. d4 exd4 3. c3 d5
C22	Center Game: Berger Variation	1. e4 e5 2. d4 exd4 3. Qxd4 Nc6 4. Qe3 Nf6
C22	Center Game: Charousek Variation	1. e4 e5 2. d4 exd4 3. Qxd4 Nc6 4. Qe3 Bb4+ 5. c3 Be7
C22	Center Game: Hall Variation	1. e4 e5 2. d4 exd4 3. Qxd4 Nc6 4. Qc4
C22	Center Game: Kupreichik Variation	1. e4 e5 2. d4 exd4 3. Qxd4 Nc6 4. Qe3 Nf6 5. Nc3 Bb4 6. Bd2 O-O 7. O-O-O Re8 8. Bc4 d6 9. Nh3
C22	Center Game: Normal Variation	1. e4 e5 2. d4 exd4 3. Qxd4 Nc6
C22	Center Game: Paulsen Attack Variation	1. e4 e5 2. d4 exd4 3. Qxd4 Nc6 4. Qe3
C22	Center Game: l'Hermet Variation	1. e4 e5 2. d4 exd4 3. Qxd4 Nc6 4. Qe3 f5
C23	Bishop's Opening	1. e4 e5 2. Bc4
C23	Bishop's Opening: Anderssen Gambit	1. e4 e5 2. Bc4 b5 3. Bxb5 c6
C23	Bishop's Opening: Boi Variation	1. e4 e5 2. Bc4 Bc5
C23	Bishop's Opening: Calabrese Countergambit	1. e4 e5 2. Bc4 f5
C23	Bishop's Opening: Calabrese Countergambit, Jaenisch Variation	1. e4 e5 2. Bc4 f5 3. d3
C23	Bishop's Opening: Four Pawns Gambit	1. e4 e5 2. Bc4 Bc5 3. b4 Bxb4 4. f4 exf4 5. Nf3 Be7 6. d4 Bh4+ 7. g3 fxg3 8. O-O gxh2+ 9. Kh1
C23	Bishop's Opening: Khan Gambit	1. e4 e5 2. Bc4 d5
C23	Bishop's Opening: Lewis Countergambit	1. e4 e5 2. Bc4 Bc5 3. c3 d5
C23	Bishop's Opening: Lewis Countergambit	1. e4 e5 2. Bc4 Bc5 3. c3 d5 4. Bxd5 Nf6
C23	Bishop's Opening: Lewis Countergambit, Walker Variation	1. e4 e5 2. Bc4 Bc5 3. c3 d5 4. Bxd5 Nf6 5. d4
C23	Bishop's Opening: Lewis Gambit	1. e4 e5 2. Bc4 Bc5 3. d4
C23	Bishop's Opening: Lisitsyn Variation	1. e4 e5 2. Bc4 c6 3. d4 d5 4. exd5 cxd5 5. Bb5+ Bd7 6. Bxd7+ Nxd7 7. dxe5 Nxe5 8. Ne2
C23	Bishop's Opening: Lopez Gambit	1. e4 e5 2. Bc4 Bc5 3. Qe2 Nc6 4. c3 Nf6 5. f4
C23	Bishop's Opening: Lopez Variation	1. e4 e5 2. Bc4 Bc5 3. Qe2
C23	Bishop's Opening: Lopez Variation, Lopez Gambit	1. e4 e5 2. Bc4 Bc5 3. Qe2 Nf6 4. f4
C23	Bishop's Opening: McDonnell Gambit	1. e4 e5 2. Bc4 Bc5 3. b4
C23	Bishop's Opening: McDonnell Gambit, La Bourdonnais-Denker Gambit	1. e4 e5 2. Bc4 Bc5 3. b4 Bxb4 4. c3
C23	Bishop's Opening: McDonnell Gambit, McDonnell Double Gambit	1. e4 e5 2. Bc4 Bc5 3. b4 Bxb4 4. f4
C23	Bishop's Opening: Philidor Counterattack	1. e4 e5 2. Bc4 c6
C23	Bishop's Opening: Philidor Variation	1. e4 e5 2. Bc4 Bc5 3. c3
C23	Bishop's Opening: Pratt Variation	1. e4 e5 2. Bc4 Bc5 3. c3 Nf6 4. d4 exd4 5. e5 d5 6. exf6 dxc4 7. Qh5 O-O
C23	Bishop's Opening: Stein Gambit	1. e4 e5 2. Bc4 Bc5 3. f4
C23	Bishop's Opening: Thorold Gambit	1. e4 e5 2. Bc4 b5 3. Bxb5 f5
C23	Bishop's Opening: del Rio Variation	1. e4 e5 2. Bc4 Bc5 3. c3 Qg5
C24	Bishop's Opening: Berlin Defense	1. e4 e5 2. Bc4 Nf6
C24	Bishop's Opening: Berlin Defense, Greco Gambit	1. e4 e5 2. Bc4 Nf6 3. f4
C24	Bishop's Opening: Kitchener Folly	1. e4 e5 2. Bc4 Nf6 3. d3 Be7 4. Nf3 O-O
C24	Bishop's Opening: Krejcik Gambit	1. e4 e5 2. Bc4 Nf6 3. f3 Bc5 4. Ne2 Nc6 5. b4
C24	Bishop's Opening: Pachman Gambit	1. e4 e5 2. Bc4 Nf6 3. Ne2 Nxe4 4. Nec3
C24	Bishop's Opening: Ponziani Gambit	1. e4 e5 2. Bc4 Nf6 3. d4
C24	Bishop's Opening: Urusov Gambit, Panov Variation	1. e4 e5 2. Bc4 Nf6 3. d4 exd4 4. Nf3 d5 5. exd5 Bb4+ 6. c3 Qe7+
C24	Bishop's Opening: Vienna Hybrid	1. e4 e5 2. Bc4 Nf6 3. d3 Nc6 4. Nc3
C24	Bishop's Opening: Warsaw Gambit	1. e4 e5 2. Bc4 Nf6 3. d4 exd4 4. c3
C25	Vienna Gambit, with Max Lange Defense	1. e4 e5 2. Nc3 Nc6 3. f4
C25	Vienna Gambit, with Max Lange Defense: Cunningham Defense	1. e4 e5 2. Nc3 Nc6 3. f4 exf4 4. Nf3 Be7
C25	Vienna Gambit, with Max Lange Defense: Hamppe-Allgaier Gambit	1. e4 e5 2. Nc3 Nc6 3. f4 exf4 4. Nf3 g5 5. h4 g4 6. Ng5
C25	Vienna Gambit, with Max Lange Defense: Hamppe-Allgaier Gambit, Alapin Variation	1. e4 e5 2. Nc3 Nc6 3. f4 exf4 4. Nf3 g5 5. h4 g4 6. Ng5 d6
C25	Vienna Gambit, with Max Lange Defense: Hamppe-Allgaier Gambit, Thorold Variation	1. e4 e5 2. f4 exf4 3. Nf3 Nc6 4. Nc3 g5 5. h4 g4 6. Ng5 h6 7. Nxf7 Kxf7 8. d4
C25	Vienna Gambit, with Max Lange Defense: Hamppe-Muzio Gambit	1. e4 e5 2. Nc3 Nc6 3. f4 exf4 4. Nf3 g5 5. Bc4 g4 6. O-O gxf3
C25	Vienna Gambit, with Max Lange Defense: Knight Variation	1. e4 e5 2. Nc3 Nc6 3. f4 exf4 4. Nf3
C25	Vienna Gambit, with Max Lange Defense: Pierce Gambit	1. e4 e5 2. Nc3 Nc6 3. f4 exf4 4. Nf3 g5 5. d4
C25	Vienna Gambit, with Max Lange Defense: Quelle Gambit	1. e4 e5 2. Nc3 Nc6 3. f4 Bc5 4. fxe5 d6
C25	Vienna Gambit, with Max Lange Defense: Steinitz Gambit	1. e4 e5 2. Nc3 Nc6 3. f4 exf4 4. d4
C25	Vienna Gambit, with Max Lange Defense: Steinitz Gambit, Fraser-Minckwitz Defense	1. e4 e5 2. Nc3 Nc6 3. f4 exf4 4. d4 Qh4+ 5. Ke2 b6
C25	Vienna Gambit, with Max Lange Defense: Steinitz Gambit, Main Line	1. e4 e5 2. Nc3 Nc6 3. f4 exf4 4. d4 Qh4+ 5. Ke2
C25	Vienna Gambit, with Max Lange Defense: Steinitz Gambit, Paulsen Defense	1. e4 e5 2. Nc3 Nc6 3. f4 exf4 4. d4 Qh4+ 5. Ke2 d6
C25	Vienna Gambit, with Max Lange Defense: Steinitz Gambit, Sörensen Defense	1. e4 e5 2. Nc3 Nc6 3. f4 exf4 4. d4 Qh4+ 5. Ke2 g5
C25	Vienna Gambit, with Max Lange Defense: Steinitz Gambit, Zukertort Defense	1. e4 e5 2. Nc3 Nc6 3. f4 exf4 4. d4 Qh4+ 5. Ke2 d5
C25	Vienna Game	1. e4 e5 2. Nc3
C25	Vienna Game: Anderssen Defense	1. e4 e5 2. Nc3 Bc5
C25	Vienna Game: Fyfe Gambit	1. e4 e5 2. Nc3 Nc6 3. d4
C25	Vienna Game: Giraffe Attack	1. e4 e5 2. Nc3 Bc5 3. Qg4
C25	Vienna Game: Hamppe-Meitner Variation	1. e4 e5 2. Nc3 Bc5 3. Na4
C25	Vienna Game: Hamppe-Muzio Gambit	1. e4 e5 2. Nc3 Nc6 3. f4 exf4 4. Nf3 g5 5. Bc4 g4 6. O-O
C25	Vienna Game: Hamppe-Muzio, Dubois Variation	1. e4 e5 2. Nc3 Nc6 3. f4 exf4 4. Nf3 g5 5. Bc4 g4 6. O-O gxf3 7. Qxf3 Ne5 8. Qxf4 Qf6
C25	Vienna Game: Max Lange Defense	1. e4 e5 2. Nc3 Nc6
C25	Vienna Game: Omaha Gambit	1. e4 e5 2. Nc3 d6 3. f4
C25	Vienna Game: Paulsen Variation	1. e4 e5 2. Nc3 Nc6 3. g3
C25	Vienna Game: Paulsen Variation	1. e4 e5 2. Nc3 Nc6 3. g3 Nf6 4. Bg2 Bc5 5. Nge2 d5
C25	Vienna Game: Paulsen Variation, Mariotti Gambit	1. e4 e5 2. Nc3 Nc6 3. g3 Bc5 4. Bg2 h5 5. Nf3 h4
C25	Vienna Game: Philidor Countergambit	1. e4 e5 2. Nc3 Nc6 3. d4 f5
C25	Vienna Game: Pierce Gambit, Rushmere Attack	1. e4 e5 2. Nc3 Nc6 3. f4 exf4 4. Nf3 g5 5. d4 g4 6. Bc4 gxf3 7. O-O d5 8. exd5 Bg4 9. dxc6
C25	Vienna Game: Stanley Variation, Meitner-Mieses Gambit	1. e4 e5 2. Nc3 Nc6 3. Bc4 Bc5 4. Qg4 Qf6 5. Nd5
C25	Vienna Game: Zhuravlev Countergambit	1. e4 e5 2. Nc3 Bb4 3. Qg4 Nf6
C26	Bishop's Opening: Horwitz Gambit	1. e4 e5 2. Bc4 Nf6 3. Nc3 b5
C26	Bishop's Opening: Vienna Hybrid, Spielmann Attack	1. e4 e5 2. Nc3 Nf6 3. Bc4 Bc5 4. d3
C26	Vienna Game: Falkbeer Variation	1. e4 e5 2. Nc3 Nf6
C26	Vienna Game: Mengarini Variation	1. e4 e5 2. Nc3 Nf6 3. a3
C26	Vienna Game: Mieses Variation	1. e4 e5 2. Nc3 Nf6 3. g3
C26	Vienna Game: Mieses Variation, Erben Gambit	1. e4 e5 2. Nc3 Nf6 3. g3 d5 4. exd5 c6
C26	Vienna Game: Paulsen Variation, Pollock Gambit	1. e4 e5 2. Nc3 Nf6 3. g3 Bc5 4. Bg2 Nc6 5. Nge2 d5 6. exd5
C26	Vienna Game: Stanley Variation	1. e4 e5 2. Nc3 Nf6 3. Bc4
C26	Vienna Game: Stanley Variation, Eifel Gambit	1. e4 e5 2. Nc3 Nf6 3. Bc4 Bc5 4. Nge2 b5
C26	Vienna Game: Stanley Variation, Reversed Spanish	1. e4 e5 2. Nc3 Nf6 3. Bc4 Bb4
C27	Bishop's Opening: Boden-Kieseritzky Gambit	1. e4 e5 2. Nf3 Nf6 3. Bc4 Nxe4 4. Nc3
C27	Bishop's Opening: Boden-Kieseritzky Gambit, Lichtenhein Defense	1. e4 e5 2. Nf3 Nf6 3. Bc4 Nxe4 4. Nc3 d5
C27	Vienna Game: Adams' Gambit	1. e4 e5 2. Nc3 Nf6 3. Bc4 Nxe4 4. Qh5 Nd6 5. Bb3 Nc6 6. d4
C27	Vienna Game: Frankenstein-Dracula Variation	1. e4 e5 2. Nc3 Nf6 3. Bc4 Nxe4
C27	Vienna Game: Stanley Variation, Alekhine Variation	1. e4 e5 2. Nc3 Nf6 3. Bc4 Nxe4 4. Qh5 Nd6 5. Bb3 Be7 6. Nf3 Nc6 7. Nxe5
C27	Vienna Game: Stanley Variation, Frankenstein-Dracula Variation	1. e4 e5 2. Nc3 Nf6 3. Bc4 Nxe4 4. Qh5 Nd6 5. Bb3 Nc6 6. Nb5 g6 7. Qf3 f5 8. Qd5 Qe7 9. Nxc7+ Kd8 10. Nxa8 b6
C27	Vienna Game: Stanley Variation, Monster Declined	1. e4 e5 2. Nc3 Nf6 3. Bc4 Nxe4 4. Qh5 Nd6 5. Bb3 Be7
C28	Bishop's Opening: Vienna Hybrid, Hromádka Variation	1. e4 e5 2. Nc3 Nc6 3. Bc4 Nf6 4. d3 Bb4 5. Ne2
C28	Vienna Game: Stanley Variation, Bronstein Gambit	1. e4 e5 2. Nc3 Nc6 3. Bc4 Nf6 4. f4 Nxe4 5. Nf3
C28	Vienna Game: Stanley Variation, Three Knights Variation	1. e4 e5 2. Nc3 Nc6 3. Bc4 Nf6
C29	Vienna Game: Heyde Variation	1. e4 e5 2. Nc3 Nf6 3. f4 d5 4. fxe5 Nxe4 5. Qf3 f5 6. d4
C29	Vienna Game: Vienna Gambit	1. e4 e5 2. Nc3 Nf6 3. f4
C29	Vienna Game: Vienna Gambit, Bardeleben Variation	1. e4 e5 2. Nc3 Nf6 3. f4 d5 4. fxe5 Nxe4 5. Qf3 f5
C29	Vienna Game: Vienna Gambit, Breyer Variation	1. e4 e5 2. Nc3 Nf6 3. f4 d5 4. fxe5 Nxe4 5. Nf3 Be7
C29	Vienna Game: Vienna Gambit, Kaufmann Variation	1. e4 e5 2. Nc3 Nf6 3. f4 d5 4. fxe5 Nxe4 5. Nf3 Bg4 6. Qe2
C29	Vienna Game: Vienna Gambit, Main Line	1. e4 e5 2. Nc3 Nf6 3. f4 d5
C29	Vienna Game: Vienna Gambit, Modern Variation	1. e4 e5 2. Nc3 Nf6 3. f4 d5 4. fxe5 Nxe4 5. d3
C29	Vienna Game: Vienna Gambit, Paulsen Attack	1. e4 e5 2. Nc3 Nf6 3. f4 d5 4. fxe5 Nxe4 5. Qf3
C29	Vienna Game: Vienna Gambit, Steinitz Variation	1. e4 e5 2. Nc3 Nf6 3. f4 d5 4. d3
C29	Vienna Game: Vienna Gambit, Wurzburger Trap	1. e4 e5 2. Nc3 Nf6 3. f4 d5 4. fxe5 Nxe4 5. d3 Qh4+ 6. g3 Nxg3 7. Nf3 Qh5 8. Nxd5
C30	King's Gambit	1. e4 e5 2. f4
C30	King's Gambit Declined: Classical Variation	1. e4 e5 2. f4 Bc5
C30	King's Gambit Declined: Classical Variation	1. e4 e5 2. f4 Bc5 3. Nf3 d6 4. c3
C30	King's Gambit Declined: Classical Variation, Euwe Attack	1. e4 e5 2. f4 Bc5 3. Nf3 d6 4. c3 Bg4 5. fxe5 dxe5 6. Qa4+
C30	King's Gambit Declined: Classical Variation, Rotlewi Countergambit	1. e4 e5 2. f4 Bc5 3. Nf3 d6 4. b4
C30	King's Gambit Declined: Classical Variation, Rubinstein Countergambit	1. e4 e5 2. f4 Bc5 3. Nf3 d6 4. c3 f5
C30	King's Gambit Declined: Classical Variation, Walthoffen Attack	1. e4 e5 2. f4 Bc5 3. Qh5
C30	King's Gambit Declined: Classical, Hanham Variation	1. e4 e5 2. f4 Bc5 3. Nf3 d6 4. Nc3 Nd7
C30	King's Gambit Declined: Classical, Réti Variation	1. e4 e5 2. f4 Bc5 3. Nf3 d6 4. c3 f5 5. fxe5 dxe5 6. d4 exd4 7. Bc4
C30	King's Gambit Declined: Classical, Soldatenkov Variation	1. e4 e5 2. f4 Bc5 3. Nf3 d6 4. fxe5
C30	King's Gambit Declined: Classical, Svenonius Variation	1. e4 e5 2. Bc4 Nc6 3. Nc3 Nf6 4. d3 Bc5 5. f4 d6 6. Nf3 Bg4 7. h3 Bxf3 8. Qxf3 exf4
C30	King's Gambit Declined: Hobbs-Zilbermints Gambit	1. e4 e5 2. f4 Nc6 3. Nf3 g5 4. fxg5 h6
C30	King's Gambit Declined: Keene Defense	1. e4 e5 2. f4 Qh4+ 3. g3 Qe7
C30	King's Gambit Declined: Keene's Defense	1. e4 e5 2. f4 Qh4+
C30	King's Gambit Declined: Keene's Defense	1. e4 e5 2. f4 Qh4+ 3. g3
C30	King's Gambit Declined: Mafia Defense	1. e4 c5 2. f4 e5
C30	King's Gambit Declined: Miles Defense	1. e4 e5 2. f4 Nc6 3. Nf3 f5
C30	King's Gambit Declined: Norwalde Variation	1. e4 e5 2. f4 Qf6
C30	King's Gambit Declined: Norwalde Variation, Bücker Gambit	1. e4 e5 2. f4 Qf6 3. Nc3 Qxf4 4. Nf3 Bb4 5. Bc4
C30	King's Gambit Declined: Norwalde Variation, Schubert Variation	1. e4 e5 2. f4 Qf6 3. Nc3 Qxf4 4. d4
C30	King's Gambit Declined: Panteldakis Countergambit	1. e4 e5 2. f4 f5
C30	King's Gambit Declined: Panteldakis Countergambit, Greco Variation	1. e4 e5 2. f4 f5 3. exf5 Qh4+
C30	King's Gambit Declined: Panteldakis Countergambit, Pawn Sacrifice Line	1. e4 e5 2. f4 f5 3. exf5 exf4 4. Qh5+ g6 5. fxg6 Qe7+ 6. Kd1
C30	King's Gambit Declined: Panteldakis Countergambit, Schiller's Defense	1. e4 e5 2. f4 f5 3. exf5 Bc5
C30	King's Gambit Declined: Panteldakis Countergambit, Shirazi Line	1. e4 e5 2. f4 f5 3. exf5 exf4 4. Qh5+ Ke7
C30	King's Gambit Declined: Panteldakis Countergambit, Symmetrical Variation	1. e4 e5 2. f4 f5 3. exf5 exf4 4. Nf3 d5 5. d4 Bd6 6. Bd3
C30	King's Gambit Declined: Petrov's Defense	1. e4 e5 2. f4 Nf6
C30	King's Gambit Declined: Queen's Knight Defense	1. e4 e5 2. f4 Nc6
C30	King's Gambit Declined: Senechaud Countergambit	1. e4 e5 2. f4 Bc5 3. Nf3 g5
C30	King's Gambit Declined: Soller-Zilbermints Gambit	1. e4 e5 2. f4 f6 3. fxe5 Nc6
C30	King's Gambit Declined: Zilbermints Double Countergambit	1. e4 e5 2. f4 g5
C30	King's Gambit Declined: Zilbermints Double Gambit	1. e4 e5 2. f4 Nc6 3. Nf3 g5
C31	King's Gambit Declined: Falkbeer Countergambit	1. e4 e5 2. f4 d5
C31	King's Gambit Declined: Falkbeer Countergambit Accepted	1. e4 e5 2. f4 d5 3. exd5
C31	King's Gambit Declined: Falkbeer Countergambit, Anderssen Attack	1. e4 e5 2. f4 d5 3. exd5 e4 4. Bb5+
C31	King's Gambit Declined: Falkbeer Countergambit, Blackburne Attack	1. e4 e5 2. f4 d5 3. Nf3
C31	King's Gambit Declined: Falkbeer Countergambit, Charousek Gambit	1. e4 e5 2. f4 d5 3. exd5 e4 4. d3
C31	King's Gambit Declined: Falkbeer Countergambit, Charousek Gambit, Morphy Defense	1. e4 e5 2. Nc3 Nf6 3. f4 d5 4. exd5 e4 5. d3 Bb4 6. Bd2 e3
C31	King's Gambit Declined: Falkbeer Countergambit, Hinrichsen Gambit	1. e4 e5 2. f4 d5 3. d4
C31	King's Gambit Declined: Falkbeer Countergambit, Miles Gambit	1. e4 e5 2. f4 d5 3. exd5 Bc5
C31	King's Gambit Declined: Falkbeer Countergambit, Milner-Barry Variation	1. e4 e5 2. f4 d5 3. Nc3
C31	King's Gambit Declined: Falkbeer Countergambit, Modern Transfer	1. e4 e5 2. f4 d5 3. exd5 exf4
C31	King's Gambit Declined: Falkbeer Countergambit, Nimzowitsch-Marshall Countergambit	1. e4 e5 2. f4 d5 3. exd5 c6
C31	King's Gambit Declined: Falkbeer Countergambit, Pickler Gambit	1. e4 e5 2. f4 d5 3. exd5 c6 4. dxc6 Bc5
C31	King's Gambit Declined: Falkbeer Countergambit, Rubinstein Variation	1. e4 e5 2. f4 d5 3. exd5 e4 4. Nc3 Nf6 5. Qe2
C31	King's Gambit Declined: Falkbeer Countergambit, Staunton Line	1. e4 e5 2. f4 d5 3. exd5 e4
C31	Van Geet Opening: Grünfeld Defense, Steiner Gambit	1. e4 e5 2. f4 d5 3. Nc3 dxe4 4. Nxe4
C32	King's Gambit Declined: Falkbeer Countergambit, Alapin Variation	1. e4 e5 2. f4 d5 3. exd5 e4 4. d3 Nf6 5. dxe4 Nxe4 6. Nf3 Bc5 7. Qe2 Bf2+ 8. Kd1 Qxd5+ 9. Nfd2
C32	King's Gambit Declined: Falkbeer Countergambit, Charousek Gambit	1. e4 e5 2. f4 d5 3. exd5 e4 4. d3 Nf6 5. dxe4 Nxe4 6. Qe2
C32	King's Gambit Declined: Falkbeer Countergambit, Charousek Gambit Accepted	1. e4 e5 2. f4 d5 3. exd5 e4 4. d3 Nf6 5. dxe4
C32	King's Gambit Declined: Falkbeer Countergambit, Charousek Gambit, Keres Variation	1. e4 e5 2. f4 d5 3. exd5 e4 4. d3 Nf6 5. Nd2
C32	King's Gambit Declined: Falkbeer Countergambit, Charousek Gambit, Main Line	1. e4 e5 2. f4 d5 3. exd5 e4 4. d3 Nf6 5. dxe4 Nxe4 6. Nf3 Bc5 7. Qe2 Bf5
C32	King's Gambit Declined: Falkbeer Countergambit, Charousek Gambit, Old Line	1. e4 e5 2. f4 d5 3. exd5 e4 4. d3 Nf6 5. Qe2
C32	King's Gambit Declined: Falkbeer Countergambit, Charousek Variation	1. e4 e5 2. f4 d5 3. exd5 e4 4. d3 Nf6 5. dxe4 Nxe4 6. Qe2 Qxd5 7. Nd2 f5 8. g4
C32	King's Gambit Declined: Falkbeer Countergambit, Tarrasch Variation	1. e4 e5 2. f4 d5 3. exd5 e4 4. d3 Nf6 5. dxe4 Nxe4 6. Nf3 Bc5 7. Qe2 Bf5 8. g4 O-O
C33	King's Gambit Accepted	1. e4 e5 2. f4 exf4
C33	King's Gambit Accepted: Basman Gambit	1. e4 e5 2. f4 exf4 3. Qe2
C33	King's Gambit Accepted: Bishop's Gambit	1. e4 e5 2. f4 exf4 3. Bc4
C33	King's Gambit Accepted: Bishop's Gambit, Anderssen Defense	1. e4 e5 2. f4 exf4 3. Bc4 g5
C33	King's Gambit Accepted: Bishop's Gambit, Anderssen Variation	1. e4 e5 2. f4 exf4 3. Bc4 d5 4. Bxd5 c6
C33	King's Gambit Accepted: Bishop's Gambit, Bledow Countergambit	1. e4 e5 2. f4 exf4 3. Bc4 d5 4. Bxd5 Nf6
C33	King's Gambit Accepted: Bishop's Gambit, Bledow Variation	1. e4 e5 2. f4 exf4 3. Bc4 d5
C33	King's Gambit Accepted: Bishop's Gambit, Boden Variation	1. e4 e5 2. f4 exf4 3. Bc4 Qh4+ 4. Kf1 Nc6
C33	King's Gambit Accepted: Bishop's Gambit, Bogoljubow Defense	1. e4 e5 2. f4 exf4 3. Bc4 Nf6 4. Nc3 c6
C33	King's Gambit Accepted: Bishop's Gambit, Bogoljubow Variation	1. e4 e5 2. f4 exf4 3. Bc4 Nf6 4. Nc3
C33	King's Gambit Accepted: Bishop's Gambit, Boren-Svenonius Variation	1. e4 e5 2. f4 exf4 3. Bc4 d5 4. Bxd5 Qh4+ 5. Kf1 Bd6
C33	King's Gambit Accepted: Bishop's Gambit, Bryan Countergambit	1. e4 e5 2. f4 exf4 3. Bc4 Qh4+ 4. Kf1 b5
C33	King's Gambit Accepted: Bishop's Gambit, Chigorin's Attack	1. e4 e5 2. f4 exf4 3. Bc4 Qh4+ 4. Kf1 d5 5. Bxd5 g5 6. g3
C33	King's Gambit Accepted: Bishop's Gambit, Classical Defense	1. e4 e5 2. f4 exf4 3. Bc4 Qh4+ 4. Kf1 Ne7 5. Nc3 g5 6. d4 Bg7
C33	King's Gambit Accepted: Bishop's Gambit, Classical Defense, Cozio Attack	1. e4 e5 2. f4 exf4 3. Bc4 Qh4+ 4. Kf1 g5 5. Qf3
C33	King's Gambit Accepted: Bishop's Gambit, Cozio Defense	1. e4 e5 2. f4 exf4 3. Bc4 Nf6
C33	King's Gambit Accepted: Bishop's Gambit, Cozio Variation	1. e4 e5 2. f4 exf4 3. Bc4 Qh4+ 4. Kf1 d6
C33	King's Gambit Accepted: Bishop's Gambit, First Jaenisch Variation	1. e4 e5 2. f4 exf4 3. Bc4 Qh4+ 4. Kf1 Nf6
C33	King's Gambit Accepted: Bishop's Gambit, Fraser Variation	1. e4 e5 2. f4 exf4 3. Bc4 Qh4+ 4. Kf1 g5 5. Nc3 Bg7 6. g3 fxg3 7. Qf3
C33	King's Gambit Accepted: Bishop's Gambit, Gianutio Gambit	1. e4 e5 2. f4 exf4 3. Bc4 f5
C33	King's Gambit Accepted: Bishop's Gambit, Greco Variation	1. e4 e5 2. f4 exf4 3. Bc4 Qh4+ 4. Kf1 Bc5
C33	King's Gambit Accepted: Bishop's Gambit, Grimm Attack	1. e4 e5 2. f4 exf4 3. Bc4 Qh4+ 4. Kf1 g5 5. Nc3 Bg7 6. d4 d6 7. e5
C33	King's Gambit Accepted: Bishop's Gambit, Kieseritzky Gambit	1. e4 e5 2. f4 exf4 3. Bc4 b5
C33	King's Gambit Accepted: Bishop's Gambit, Lopez Defense	1. e4 e5 2. f4 exf4 3. Bc4 c6
C33	King's Gambit Accepted: Bishop's Gambit, Lopez Variation	1. e4 e5 2. f4 exf4 3. Bc4 Qh4+ 4. Kf1 g5
C33	King's Gambit Accepted: Bishop's Gambit, Maurian Defense	1. e4 e5 2. f4 exf4 3. Bc4 Nc6
C33	King's Gambit Accepted: Bishop's Gambit, McDonnell Attack	1. e4 e5 2. f4 exf4 3. Bc4 Qh4+ 4. Kf1 g5 5. Nc3 Bg7 6. d4 Ne7 7. g3
C33	King's Gambit Accepted: Bishop's Gambit, McDonnell Attack	1. e4 e5 2. f4 exf4 3. Bc4 Qh4+ 4. Kf1 g5 5. Nc3 Bg7 6. g3
C33	King's Gambit Accepted: Bishop's Gambit, Paulsen Attack	1. e4 e5 2. f4 exf4 3. Bc4 Nf6 4. Nc3 Bb4 5. e5
C33	King's Gambit Accepted: Bishop's Gambit, Steinitz Defense	1. e4 e5 2. f4 exf4 3. Bc4 Ne7
C33	King's Gambit Accepted: Breyer Gambit	1. e4 e5 2. f4 exf4 3. Qf3
C33	King's Gambit Accepted: Carrera Gambit	1. e4 e5 2. f4 exf4 3. Qh5
C33	King's Gambit Accepted: Dodo Variation	1. e4 e5 2. f4 exf4 3. Qg4
C33	King's Gambit Accepted: Eisenberg Variation	1. e4 e5 2. f4 exf4 3. Nh3
C33	King's Gambit Accepted: Gaga Gambit	1. e4 e5 2. f4 exf4 3. g3
C33	King's Gambit Accepted: Lopez-Gianutio Countergambit, Hein Variation	1. e4 e5 2. f4 exf4 3. Bc4 f5 4. Qe2 Qh4+ 5. Kd1 fxe4 6. Nc3 Kd8
C33	King's Gambit Accepted: Mason-Keres Gambit	1. e4 e5 2. f4 exf4 3. Nc3
C33	King's Gambit Accepted: Orsini Gambit	1. e4 e5 2. f4 exf4 3. b3
C33	King's Gambit Accepted: Paris Gambit	1. e4 e5 2. f4 exf4 3. Ne2
C33	King's Gambit Accepted: Schurig Gambit, with Bb5	1. e4 e5 2. f4 exf4 3. Bb5
C33	King's Gambit Accepted: Schurig Gambit, with Bd3	1. e4 e5 2. f4 exf4 3. Bd3
C33	King's Gambit Accepted: Stamma Gambit	1. e4 e5 2. f4 exf4 3. h4
C33	King's Gambit Accepted: Tartakower Gambit	1. e4 e5 2. f4 exf4 3. Be2
C33	King's Gambit Accepted: Tartakower Gambit, Weiss Defense	1. e4 e5 2. f4 exf4 3. Be2 f5 4. exf5 d6
C33	King's Gambit Accepted: Tumbleweed	1. e4 e5 2. f4 exf4 3. Kf2
C33	King's Gambit Accepted: Villemson Gambit	1. e4 e5 2. f4 exf4 3. d4
C34	King's Gambit Accepted: Becker Defense	1. e4 e5 2. f4 exf4 3. Nf3 h6
C34	King's Gambit Accepted: Bonsch-Osmolovsky Variation	1. e4 e5 2. f4 exf4 3. Nf3 Ne7
C34	King's Gambit Accepted: Fischer Defense	1. e4 e5 2. f4 exf4 3. Nf3 d6
C34	King's Gambit Accepted: Fischer Defense, Schulder Gambit	1. e4 e5 2. f4 exf4 3. Nf3 d6 4. b4
C34	King's Gambit Accepted: Fischer Defense, Spanish Variation	1. e4 e5 2. f4 exf4 3. Nf3 d6 4. d4 Nf6 5. Bd3
C34	King's Gambit Accepted: Gianutio Countergambit	1. e4 e5 2. f4 exf4 3. Nf3 f5
C34	King's Gambit Accepted: Greco Gambit	1. e4 e5 2. f4 exf4 3. Nf3 d6 4. Bc4 h6 5. d4 g5 6. h4 Bg7
C34	King's Gambit Accepted: King's Knight's Gambit	1. e4 e5 2. f4 exf4 3. Nf3 g5
C34	King's Gambit Accepted: King's Knight's Gambit	1. e4 e5 2. f4 exf4 3. Nf3
C34	King's Gambit Accepted: MacLeod Defense	1. e4 e5 2. f4 exf4 3. Nf3 Nc6
C34	King's Gambit Accepted: Schallopp Defense	1. e4 e5 2. f4 exf4 3. Nf3 Nf6
C34	King's Gambit Accepted: Schallopp Defense, Tashkent Attack	1. e4 e5 2. f4 exf4 3. Nf3 Nf6 4. e5 Nh5 5. g4
C34	King's Gambit Accepted: Wagenbach Defense	1. e4 e5 2. f4 exf4 3. Nf3 h5
C35	King's Gambit Accepted: Cunningham Defense	1. e4 e5 2. f4 exf4 3. Nf3 Be7
C35	King's Gambit Accepted: Cunningham Defense, Bertin Gambit	1. e4 e5 2. f4 exf4 3. Nf3 Be7 4. Bc4 Bh4+ 5. g3
C35	King's Gambit Accepted: Cunningham Defense, Bertin Gambit	1. e4 e5 2. f4 exf4 3. Nf3 Be7 4. Bc4 Bh4+ 5. g3 fxg3 6. O-O gxh2+ 7. Kh1
C35	King's Gambit Accepted: Cunningham Defense, McCormick Defense	1. e4 e5 2. f4 exf4 3. Nf3 Be7 4. Bc4 Nf6
C36	King's Gambit Accepted: Abbazia Defense	1. e4 e5 2. f4 exf4 3. Nf3 d5 4. exd5 Nf6
C36	King's Gambit Accepted: Abbazia Defense, Main Line	1. e4 e5 2. f4 exf4 3. Nf3 d5 4. exd5 Nf6 5. Bb5+ c6 6. dxc6 bxc6 7. Bc4 Nd5
C36	King's Gambit Accepted: Modern Defense	1. e4 e5 2. f4 exf4 3. Nf3 d5
C36	King's Gambit Accepted: Modern Defense	1. e4 e5 2. f4 exf4 3. Nf3 d5 4. exd5
C37	King's Gambit Accepted: Australian Gambit	1. e4 e5 2. f4 exf4 3. Nf3 g5 4. Bc4 g4 5. h4
C37	King's Gambit Accepted: Blachly Gambit	1. e4 e5 2. f4 exf4 3. Nf3 Nc6 4. Bc4 g5
C37	King's Gambit Accepted: Double Muzio Gambit	1. e4 e5 2. f4 exf4 3. Nf3 g5 4. Bc4 g4 5. O-O gxf3 6. Qxf3 Qf6 7. e5 Qxe5 8. Bxf7+
C37	King's Gambit Accepted: Double Muzio Gambit, Baldwin Gambit	1. e4 e5 2. f4 exf4 3. Nf3 g5 4. Bc4 g4 5. O-O gxf3 6. Qxf3 Qf6 7. Nc3 Qd4+ 8. Kh1 Qxc4 9. Nd5
C37	King's Gambit Accepted: Double Muzio Gambit, Bello Gambit	1. e4 e5 2. f4 exf4 3. Nf3 g5 4. Bc4 g4 5. O-O gxf3 6. Qxf3 Qf6 7. Nc3
C37	King's Gambit Accepted: Double Muzio Gambit, Paulsen Defense	1. e4 e5 2. f4 exf4 3. Nf3 g5 4. Bc4 g4 5. O-O gxf3 6. Qxf3 Qf6 7. e5 Qxe5 8. d3 Bh6 9. Nc3 Ne7 10. Bd2 Nbc6 11. Rae1
C37	King's Gambit Accepted: Double Muzio Gambit, Young Gambit	1. e4 e5 2. f4 exf4 3. Nf3 g5 4. Bc4 g4 5. O-O gxf3 6. Qxf3 Qf6 7. Bxf7+ Kxf7 8. d4 Qxd4+ 9. Be3 Qf6 10. Nc3 fxe3
C37	King's Gambit Accepted: Ghulam-Kassim Gambit	1. e4 e5 2. f4 exf4 3. Nf3 g5 4. Bc4 g4 5. d4
C37	King's Gambit Accepted: Ghulam-Kassim Gambit	1. e4 e5 2. f4 exf4 3. Nf3 g5 4. Bc4 g4 5. d4 gxf3 6. Qxf3
C37	King's Gambit Accepted: King's Knight's Gambit	1. e4 e5 2. f4 exf4 3. Nf3 g5 4. Bc4
C37	King's Gambit Accepted: Kotov Gambit	1. e4 e5 2. f4 exf4 3. Nf3 g5 4. Bc4 g4 5. d4 gxf3 6. Bxf4
C37	King's Gambit Accepted: Lolli Gambit	1. e4 e5 2. f4 exf4 3. Nf3 g5 4. Bc4 g4 5. Bxf7+
C37	King's Gambit Accepted: Lolli Gambit, Young Variation	1. e4 e5 2. f4 exf4 3. Nf3 g5 4. Bc4 g4 5. Bxf7+ Kxf7 6. O-O gxf3 7. Qxf3 Qf6 8. d4 Qxd4+ 9. Be3 Qf6 10. Nc3
C37	King's Gambit Accepted: McDonnell Gambit	1. e4 e5 2. f4 exf4 3. Nf3 g5 4. Bc4 g4 5. Nc3
C37	King's Gambit Accepted: Middleton Countergambit	1. e4 e5 2. f4 exf4 3. Nf3 g5 4. Bc4 d6 5. O-O Bg4 6. h3 h5 7. hxg4 hxg4
C37	King's Gambit Accepted: Muzio Gambit Accepted, From's Defense	1. e4 e5 2. f4 exf4 3. Nf3 g5 4. Bc4 g4 5. O-O gxf3 6. Qxf3 Qe7
C37	King's Gambit Accepted: Muzio Gambit, Brentano Defense	1. e4 e5 2. f4 exf4 3. Nf3 g5 4. Bc4 g4 5. O-O d5
C37	King's Gambit Accepted: Muzio Gambit, Holloway Defense	1. e4 e5 2. f4 exf4 3. Nf3 g5 4. Bc4 g4 5. O-O gxf3 6. Qxf3 Nc6
C37	King's Gambit Accepted: Muzio Gambit, Kling and Horwitz Counterattack	1. e4 e5 2. f4 exf4 3. Nf3 g5 4. Bc4 g4 5. O-O Qe7
C37	King's Gambit Accepted: Muzio Gambit, Sarratt Defense	1. e4 e5 2. f4 exf4 3. Nf3 g5 4. Bc4 g4 5. O-O gxf3 6. Qxf3 Qf6
C37	King's Gambit Accepted: Muzio Gambit, Wild Muzio Gambit	1. e4 e5 2. f4 exf4 3. Nf3 g5 4. Bc4 g4 5. O-O
C37	King's Gambit Accepted: Quaade Gambit	1. e4 e5 2. f4 exf4 3. Nf3 g5 4. Nc3
C37	King's Gambit Accepted: Rosentreter Gambit	1. e4 e5 2. f4 exf4 3. Nf3 g5 4. d4
C37	King's Gambit Accepted: Rosentreter Gambit, Bird Gambit	1. e4 e5 2. f4 exf4 3. Nf3 g5 4. d4 g4 5. Ne5 Qh4+ 6. g3
C37	King's Gambit Accepted: Rosentreter Gambit, Sörensen Gambit	1. e4 e5 2. f4 exf4 3. Nf3 g5 4. d4 g4 5. Nc3
C37	King's Gambit Accepted: Rosentreter Gambit, Testa Variation	1. e4 e5 2. f4 exf4 3. Nf3 g5 4. d4 g4 5. Bxf4
C37	King's Gambit Accepted: Salvio Gambit	1. e4 e5 2. f4 exf4 3. Nf3 g5 4. Bc4 g4 5. Ne5
C37	King's Gambit Accepted: Salvio Gambit, Anderssen Counterattack	1. e4 e5 2. f4 exf4 3. Nf3 g5 4. Bc4 g4 5. Ne5 Qh4+ 6. Kf1 Nh6 7. d4 d6
C37	King's Gambit Accepted: Salvio Gambit, Cochrane Gambit	1. e4 e5 2. f4 exf4 3. Nf3 g5 4. Bc4 g4 5. Ne5 Qh4+ 6. Kf1 f3
C37	King's Gambit Accepted: Salvio Gambit, Santa Maria Defense	1. e4 e5 2. f4 exf4 3. Nf3 g5 4. Bc4 g4 5. Ne5 Qh4+ 6. Kf1 Nf6
C37	King's Gambit Accepted: Salvio Gambit, Silberschmidt Defense	1. e4 e5 2. f4 exf4 3. Nf3 g5 4. Bc4 g4 5. Ne5 Qh4+ 6. Kf1 Nh6
C37	King's Gambit Accepted: Salvio Gambit, Viennese Variation	1. e4 e5 2. f4 exf4 3. Nf3 g5 4. Bc4 g4 5. Ne5 Qh4+ 6. Kf1 Nc6
C37	King's Gambit Accepted: Silberschmidt Gambit	1. e4 e5 2. f4 exf4 3. Nf3 g5 4. Bc4 g4 5. Ne5 Qh4+ 6. Kf1 Nh6 7. d4 f3
C37	King's Gambit Accepted: Sörensen Gambit	1. e4 e5 2. f4 exf4 3. Nf3 g5 4. d4 g4 5. Ne5
C38	King's Gambit Accepted: Greco Gambit	1. e4 e5 2. f4 exf4 3. Nf3 g5 4. Bc4 Bg7 5. h4 h6 6. d4 d6 7. Nc3 c6 8. hxg5 hxg5 9. Rxh8 Bxh8 10. Ne5
C38	King's Gambit Accepted: Hanstein Gambit	1. e4 e5 2. f4 exf4 3. Nf3 g5 4. Bc4 Bg7 5. O-O
C38	King's Gambit Accepted: Mayet Gambit	1. e4 e5 2. f4 exf4 3. Nf3 g5 4. Bc4 Bg7 5. d4 d6 6. c3
C38	King's Gambit Accepted: Philidor Gambit	1. e4 e5 2. f4 exf4 3. Nf3 g5 4. Bc4 Bg7 5. h4
C38	King's Gambit Accepted: Philidor Gambit, Schultz Variation	1. e4 e5 2. f4 exf4 3. Nf3 h6 4. Bc4 d6 5. d4 g5 6. h4 Bg7 7. Qd3
C38	King's Gambit Accepted: Traditional Variation	1. e4 e5 2. f4 exf4 3. Nf3 g5 4. Bc4 Bg7
C39	King's Gambit Accepted: Allgaier Gambit	1. e4 e5 2. f4 exf4 3. Nf3 g5 4. h4 g4 5. Ng5
C39	King's Gambit Accepted: Allgaier Gambit, Thorold Attack	1. e4 e5 2. f4 exf4 3. Nf3 g5 4. h4 g4 5. Ng5 h6 6. Nxf7 Kxf7 7. d4
C39	King's Gambit Accepted: Allgaier Gambit, Urusov Attack	1. e4 e5 2. f4 exf4 3. Nf3 g5 4. h4 g4 5. Ng5 h6 6. Nxf7 Kxf7 7. Bc4+
C39	King's Gambit Accepted: Allgaier, Blackburne Gambit	1. e4 e5 2. f4 exf4 3. Nf3 g5 4. h4 g4 5. Ng5 h6 6. Nxf7 Kxf7 7. Nc3
C39	King's Gambit Accepted: Allgaier, Cook Variation	1. e4 e5 2. f4 exf4 3. Nf3 g5 4. h4 g4 5. Ng5 h6 6. Nxf7 Kxf7 7. d4 d5 8. Bxf4 dxe4 9. Bc4+ Kg7 10. Be5+
C39	King's Gambit Accepted: Allgaier, Horny Defense	1. e4 e5 2. f4 exf4 3. Nf3 g5 4. h4 g4 5. Ng5 h6 6. Nxf7 Kxf7 7. Qxg4 Nf6 8. Qxf4 Bd6
C39	King's Gambit Accepted: Allgaier, Schlechter Defense	1. e4 e5 2. f4 exf4 3. Nf3 g5 4. h4 g4 5. Ng5 Nf6
C39	King's Gambit Accepted: Allgaier, Urusov Attack	1. e4 e5 2. f4 exf4 3. Nf3 g5 4. h4 g4 5. Ng5 h6 6. Nxf7 Kxf7 7. Bc4+ d5 8. Bxd5+ Kg7 9. d4
C39	King's Gambit Accepted: Kieseritzky Gambit	1. e4 e5 2. f4 exf4 3. Nf3 g5 4. h4 g4 5. Ne5
C39	King's Gambit Accepted: Kieseritzky Gambit, Anderssen Defense	1. e4 e5 2. f4 exf4 3. Nf3 g5 4. h4 g4 5. Ne5 Nf6 6. Bc4 d5 7. exd5 Bd6
C39	King's Gambit Accepted: Kieseritzky Gambit, Anderssen-Cordel Gambit	1. e4 e5 2. f4 exf4 3. Nf3 g5 4. h4 g4 5. Ne5 Nf6 6. Bc4 d5 7. exd5 Bd6 8. d4 Nh5 9. Bxf4 Nxf4
C39	King's Gambit Accepted: Kieseritzky Gambit, Berlin Defense	1. e4 e5 2. f4 exf4 3. Nf3 g5 4. h4 g4 5. Ne5 Nf6
C39	King's Gambit Accepted: Kieseritzky Gambit, Berlin Defense, Rubinstein Variation	1. e4 e5 2. f4 exf4 3. Nf3 g5 4. h4 g4 5. Ne5 Nf6 6. d4
C39	King's Gambit Accepted: Kieseritzky Gambit, Berlin Defense, de Riviere Variation	1. e4 e5 2. f4 exf4 3. Nf3 g5 4. h4 g4 5. Ne5 Nf6 6. Nxg4 d5
C39	King's Gambit Accepted: Kieseritzky Gambit, Brentano Defense	1. e4 e5 2. f4 exf4 3. Nf3 g5 4. h4 g4 5. Ne5 d5
C39	King's Gambit Accepted: Kieseritzky Gambit, Brentano Defense	1. e4 e5 2. f4 exf4 3. Nf3 g5 4. h4 g4 5. Ne5 d5 6. d4 Nf6 7. Bxf4
C39	King's Gambit Accepted: Kieseritzky Gambit, Brentano Defense, Caro Variation	1. e4 e5 2. f4 exf4 3. Nf3 g5 4. h4 g4 5. Ne5 d5 6. d4 Nf6 7. Bxf4 Nxe4 8. Nd2
C39	King's Gambit Accepted: Kieseritzky Gambit, Cotter Gambit	1. e4 e5 2. f4 exf4 3. Nf3 g5 4. h4 g4 5. Ng5 h6 6. Nxf7
C39	King's Gambit Accepted: Kieseritzky Gambit, Kolisch Defense	1. e4 e5 2. f4 exf4 3. Nf3 g5 4. h4 g4 5. Ne5 d6
C39	King's Gambit Accepted: Kieseritzky Gambit, Long Whip	1. e4 e5 2. f4 exf4 3. Nf3 g5 4. h4 g4 5. Ne5 h5
C39	King's Gambit Accepted: Kieseritzky Gambit, Neumann Defense	1. e4 e5 2. f4 exf4 3. Nf3 g5 4. h4 g4 5. Ne5 Nc6
C39	King's Gambit Accepted: Kieseritzky Gambit, Paulsen Defense	1. e4 e5 2. f4 exf4 3. Nf3 g5 4. h4 g4 5. Ne5 Bg7
C39	King's Gambit Accepted: Kieseritzky Gambit, Paulsen Defense Deferred	1. e4 e5 2. f4 exf4 3. Nf3 g5 4. h4 g4 5. Ne5 Nf6 6. Bc4 d5 7. exd5 Bg7
C39	King's Gambit Accepted: Kieseritzky Gambit, Rice Gambit	1. e4 e5 2. f4 exf4 3. Nf3 g5 4. h4 g4 5. Ne5 Nf6 6. Bc4 d5 7. exd5 Bd6 8. O-O Bxe5
C39	King's Gambit Accepted: Kieseritzky Gambit, Rosenthal Defense	1. e4 e5 2. f4 exf4 3. Nf3 g5 4. h4 g4 5. Ne5 Qe7
C39	King's Gambit Accepted: Kieseritzky, Long Whip Defense, Jaenisch Variation	1. e4 e5 2. f4 exf4 3. Nf3 g5 4. h4 g4 5. Ne5 h5 6. Bc4 Rh7 7. d4 Bh6 8. Nc3
C39	King's Gambit Accepted: Kieseritzky, Polerio Defense	1. e4 e5 2. f4 exf4 3. Nf3 g5 4. h4 g4 5. Ne5 Be7
C39	King's Gambit Accepted: Kieseritzky, Rice Gambit	1. e4 e5 2. f4 exf4 3. Nf3 g5 4. h4 g4 5. Ne5 Nf6 6. Bc4 d5 7. exd5 Bd6 8. O-O
C39	King's Gambit Accepted: Kieseritzky, Salvio Defense, Cozio Variation	1. e4 e5 2. f4 exf4 3. Nf3 g5 4. h4 g4 5. Ne5 Qe7 6. d4 f5 7. Bc4
C39	King's Gambit Accepted: King's Knight's Gambit	1. e4 e5 2. f4 exf4 3. Nf3 g5 4. h4
C40	Elephant Gambit	1. e4 e5 2. Nf3 d5
C40	Elephant Gambit: Maróczy Gambit	1. e4 e5 2. Nf3 d5 3. exd5 Bd6
C40	Elephant Gambit: Paulsen Countergambit	1. e4 e5 2. Nf3 d5 3. exd5 e4
C40	Elephant Gambit: Wasp Variation	1. e4 e5 2. Nf3 d5 3. Nxe5 dxe4 4. Bc4 Qg5
C40	Gunderam Defense	1. e4 e5 2. Nf3 Qe7
C40	King's Knight Opening	1. e4 e5 2. Nf3
C40	King's Pawn Game: Busch-Gass Gambit	1. e4 e5 2. Nf3 Bc5
C40	King's Pawn Game: Busch-Gass Gambit, Chiodini Gambit	1. e4 e5 2. Nf3 Bc5 3. Nxe5 Nc6
C40	King's Pawn Game: Damiano Defense	1. e4 e5 2. Nf3 f6
C40	King's Pawn Game: Damiano Defense, Damiano Gambit	1. e4 e5 2. Nf3 f6 3. Nxe5 fxe5 4. Qh5+ g6 5. Qxe5+ Qe7 6. Qxh8
C40	King's Pawn Game: Damiano Defense, Damiano Gambit, Chigorin Gambit	1. e4 e5 2. Nf3 f6 3. Nxe5 Qe7 4. Nf3 d5
C40	King's Pawn Game: Gunderam Defense, Gunderam Gambit	1. e4 e5 2. Nf3 Qe7 3. Bc4 f5
C40	King's Pawn Game: Gunderam Gambit	1. e4 e5 2. Nf3 c6
C40	King's Pawn Game: La Bourdonnais Gambit	1. e4 e5 2. Nf3 Qf6 3. Bc4 Qg6 4. O-O
C40	King's Pawn Game: McConnell Defense	1. e4 e5 2. Nf3 Qf6
C40	Latvian Gambit	1. e4 e5 2. Nf3 f5
C40	Latvian Gambit Accepted	1. e4 e5 2. Nf3 f5 3. exf5
C40	Latvian Gambit Accepted: Bilguer Variation	1. e4 e5 2. Nf3 f5 3. Nxe5 Qf6 4. d4 d6 5. Nc4
C40	Latvian Gambit Accepted: Bronstein Attack	1. e4 e5 2. Nf3 f5 3. Nxe5 Qf6 4. d4 d6 5. Nc4 fxe4 6. Be2
C40	Latvian Gambit Accepted: Bronstein Gambit	1. e4 e5 2. Nf3 f5 3. Nxe5 Qf6 4. d4 d6 5. Nc4 fxe4 6. Qh5+ g6 7. Qe2
C40	Latvian Gambit Accepted: Foltys Variation	1. e4 e5 2. Nf3 f5 3. Nxe5 Qf6 4. Nc4 fxe4 5. d3
C40	Latvian Gambit Accepted: Foltys-Leonhardt Variation	1. e4 e5 2. Nf3 f5 3. Nxe5 Qf6 4. Nc4
C40	Latvian Gambit Accepted: Leonhardt Variation	1. e4 e5 2. Nf3 f5 3. Nxe5 Qf6 4. Nc4 fxe4 5. Nc3
C40	Latvian Gambit Accepted: Main Line	1. e4 e5 2. Nf3 f5 3. Nxe5 Qf6 4. d4
C40	Latvian Gambit Accepted: Nimzowitsch Attack	1. e4 e5 2. Nf3 f5 3. Nxe5 Qf6 4. d4 d6 5. Nc4 fxe4 6. Ne3
C40	Latvian Gambit: Behting Variation	1. e4 e5 2. Nf3 f5 3. Bc4 fxe4 4. Nxe5 Qg5 5. Nf7 Qxg2 6. Rf1 d5 7. Nxh8 Nf6
C40	Latvian Gambit: Corkscrew Countergambit	1. e4 e5 2. Nf3 f5 3. Bc4 fxe4 4. Nxe5 Nf6
C40	Latvian Gambit: Corkscrew Gambit	1. e4 e5 2. Nf3 f5 3. Nxe5 Nf6 4. Bc4 fxe4 5. Nf7 Qe7 6. Nxh8 d5
C40	Latvian Gambit: Diepstraten Countergambit	1. e4 e5 2. Nf3 f5 3. c4
C40	Latvian Gambit: Fraser Defense	1. e4 e5 2. Nf3 f5 3. Nxe5 Nc6
C40	Latvian Gambit: Greco Variation	1. e4 e5 2. Nf3 f5 3. Nxe5 Qe7
C40	Latvian Gambit: Lobster Gambit	1. e4 e5 2. Nf3 f5 3. g4
C40	Latvian Gambit: Mason Countergambit	1. e4 e5 2. Nf3 f5 3. d4
C40	Latvian Gambit: Mayet Attack	1. e4 e5 2. Nf3 f5 3. Bc4
C40	Latvian Gambit: Mayet Attack, Morgado Defense	1. e4 e5 2. Nf3 f5 3. Bc4 Nf6
C40	Latvian Gambit: Mayet Attack, Poisoned Pawn Variation	1. e4 e5 2. Nf3 f5 3. Bc4 fxe4 4. Nxe5 Qg5 5. d4 Qxg2
C40	Latvian Gambit: Mayet Attack, Polerio-Svedenborg Variation	1. e4 e5 2. Nf3 f5 3. Bc4 fxe4 4. Nxe5 d5
C40	Latvian Gambit: Mayet Attack, Strautins Gambit	1. e4 e5 2. Nf3 f5 3. Bc4 b5
C40	Latvian Gambit: Mlotkowski Variation	1. e4 e5 2. Nf3 f5 3. Nc3
C40	Latvian Gambit: Senechaud Gambit	1. e4 e5 2. Nf3 f5 3. b4
C41	Philidor Defense	1. e4 e5 2. Nf3 d6
C41	Philidor Defense	1. e4 e5 2. Nf3 d6 3. d4
C41	Philidor Defense	1. e4 e5 2. Nf3 d6 3. Bc4
C41	Philidor Defense	1. e4 e5 2. Nf3 d6 3. Bc4 Be7
C41	Philidor Defense: Albin-Blackburne Gambit	1. e4 e5 2. Nf3 d6 3. d4 Bg4 4. dxe5 Nd7
C41	Philidor Defense: Berger Variation	1. e4 e5 2. Nf3 d6 3. d4 exd4 4. Nxd4 Nf6 5. Nc3 Be7 6. Be2 O-O 7. O-O c5 8. Nf3 Nc6 9. Bg5 Be6 10. Re1
C41	Philidor Defense: Bird Gambit	1. e4 e5 2. Nf3 d6 3. d4 exd4 4. c3
C41	Philidor Defense: Boden Variation	1. e4 e5 2. Nf3 d6 3. d4 exd4 4. Qxd4 Bd7
C41	Philidor Defense: Exchange Variation	1. e4 e5 2. Nf3 d6 3. d4 exd4
C41	Philidor Defense: Exchange Variation	1. e4 e5 2. Nf3 d6 3. d4 exd4 4. Nxd4
C41	Philidor Defense: Exchange Variation	1. e4 e5 2. Nf3 d6 3. d4 exd4 4. Nxd4 Nf6
C41	Philidor Defense: Hanham Variation	1. e4 e5 2. Nf3 d6 3. d4 Nd7
C41	Philidor Defense: Hanham Variation, Delmar Variation	1. e4 e5 2. Nf3 d6 3. d4 Nd7 4. Bc4 c6 5. c3
C41	Philidor Defense: Hanham Variation, Krause Variation	1. e4 e5 2. Nf3 d6 3. d4 Nd7 4. Bc4 c6 5. O-O
C41	Philidor Defense: Hanham Variation, Schlechter Variation	1. e4 e5 2. Nf3 d6 3. d4 Nd7 4. Bc4 c6 5. Nc3
C41	Philidor Defense: Hanham Variation, Sharp Variation	1. e4 e5 2. Nf3 d6 3. d4 Nd7 4. Bc4 Nb6
C41	Philidor Defense: Hanham Variation, Steiner Variation	1. e4 e5 2. Nf3 d6 3. d4 Nd7 4. Bc4 c6 5. O-O Be7 6. dxe5
C41	Philidor Defense: Hanham, Kmoch Variation	1. e4 e5 2. Nf3 d6 3. d4 Nd7 4. Bc4 c6 5. Ng5
C41	Philidor Defense: Larsen Variation	1. e4 e5 2. Nf3 d6 3. d4 exd4 4. Nxd4 g6
C41	Philidor Defense: Lion Variation	1. e4 e5 2. Nf3 d6 3. d4 Nf6 4. Nc3 Nbd7
C41	Philidor Defense: Lion Variation, Bishop Sacrifice	1. e4 e5 2. Nf3 d6 3. d4 Nf6 4. Nc3 Nbd7 5. Bc4 Be7 6. Bxf7+
C41	Philidor Defense: Lion Variation, Delayed Bishop Sacrifice	1. e4 d6 2. d4 Nf6 3. Nc3 Nbd7 4. Nf3 e5 5. Bc4 Be7 6. dxe5 dxe5 7. Bxf7+
C41	Philidor Defense: Lion Variation, Forcing Line	1. e4 e5 2. Nf3 d6 3. d4 Nf6 4. Nc3 Nbd7 5. Bc4 Be7 6. Ng5 O-O 7. Bxf7+ Rxf7 8. Ne6
C41	Philidor Defense: Lion Variation, Lion's Claw, with Bc4 and h6	1. e4 e5 2. Nf3 d6 3. d4 Nf6 4. Nc3 Nbd7 5. Bc4 Be7 6. O-O h6
C41	Philidor Defense: Lion Variation, Lion's Claw, with Be2 and c6	1. e4 e5 2. Nf3 d6 3. d4 Nf6 4. Nc3 Nbd7 5. Be2 Be7 6. O-O c6
C41	Philidor Defense: Lion Variation, Shirov Gambit	1. e4 e5 2. Nf3 d6 3. d4 Nd7 4. Nc3 Ngf6 5. g4
C41	Philidor Defense: Lion Variation, Sozin Variation	1. e4 d6 2. d4 Nf6 3. Nc3 e5 4. Nf3 Nbd7 5. Bc4 Be7 6. O-O O-O 7. Qe2 c6 8. a4 exd4
C41	Philidor Defense: Lopez Countergambit	1. e4 e5 2. Nf3 d6 3. Bc4 f5
C41	Philidor Defense: Lopez Countergambit, Jaenisch Variation	1. e4 e5 2. Nf3 d6 3. d4 f5 4. Bc4 exd4 5. Ng5 Nh6 6. Nxh7
C41	Philidor Defense: Morphy Gambit	1. e4 e5 2. Nf3 d6 3. d4 exd4 4. Bc4
C41	Philidor Defense: Nimzowitsch Variation	1. e4 e5 2. Nf3 d6 3. d4 Nf6
C41	Philidor Defense: Nimzowitsch Variation	1. e4 e5 2. Nf3 d6 3. d4 Nf6 4. dxe5
C41	Philidor Defense: Nimzowitsch Variation, Klein Variation	1. e4 e5 2. Nf3 d6 3. d4 Nf6 4. Bc4
C41	Philidor Defense: Nimzowitsch Variation, Rellstab Variation	1. e4 e5 2. Nf3 d6 3. d4 Nf6 4. dxe5 Nxe4 5. Qd5
C41	Philidor Defense: Nimzowitsch Variation, Sokolsky Variation	1. e4 e5 2. Nf3 d6 3. d4 Nf6 4. dxe5 Nxe4 5. Nbd2
C41	Philidor Defense: Nimzowitsch, Larobok Variation	1. e4 e5 2. Nf3 d6 3. d4 Nf6 4. Nc3 Nbd7 5. Bc4 Be7 6. Ng5 O-O 7. Bxf7+
C41	Philidor Defense: Nimzowitsch, Locock Variation	1. e4 e5 2. Nf3 d6 3. d4 Nf6 4. Ng5
C41	Philidor Defense: Paulsen Attack	1. e4 e5 2. Nf3 d6 3. d4 exd4 4. Nxd4 d5 5. exd5
C41	Philidor Defense: Philidor Countergambit	1. e4 e5 2. Nf3 d6 3. d4 f5
C41	Philidor Defense: Philidor Countergambit, Berger Variation	1. e4 e5 2. Nf3 d6 3. d4 f5 4. dxe5 fxe4 5. Ng5 d5 6. e6 Bc5 7. Nc3
C41	Philidor Defense: Philidor Countergambit, Zukertort Variation	1. e4 e5 2. Nf3 d6 3. d4 f5 4. Nc3
C41	Philidor Defense: Philidor Countergambit, del Rio Attack	1. e4 e5 2. Nf3 d6 3. d4 f5 4. dxe5 fxe4 5. Ng5 d5 6. e6
C41	Philidor Defense: Philidor Gambit	1. e4 e5 2. Nf3 d6 3. d4 Bd7
C41	Philidor Defense: Steinitz Variation	1. e4 e5 2. Nf3 d6 3. Bc4 Be7 4. c3
C42	Petrov's Defense	1. e4 e5 2. Nf3 Nf6
C42	Petrov's Defense	1. e4 e5 2. Nf3 Nf6 3. Nxe5
C42	Petrov's Defense	1. e4 e5 2. Nf3 Nf6 3. Nxe5 d6
C42	Petrov's Defense	1. e4 e5 2. Nf3 Nf6 3. Nxe5 d6 4. Nf3
C42	Petrov's Defense	1. e4 e5 2. Nf3 Nf6 3. Nxe5 d6 4. Nf3 Nxe4
C42	Petrov's Defense: Classical Attack	1. e4 e5 2. Nf3 Nf6 3. Nxe5 d6 4. Nf3 Nxe4 5. d4
C42	Petrov's Defense: Classical Attack, Berger Variation	1. e4 e5 2. Nf3 Nf6 3. Nxe5 d6 4. Nf3 Nxe4 5. d4 d5 6. Bd3 Be7 7. O-O Nc6 8. Re1 Bg4 9. c3 f5 10. Nbd2
C42	Petrov's Defense: Classical Attack, Chigorin Variation	1. e4 e5 2. Nf3 Nf6 3. Nxe5 d6 4. Nf3 Nxe4 5. d4 d5 6. Bd3 Be7 7. O-O Nc6 8. Re1
C42	Petrov's Defense: Classical Attack, Chigorin Variation, Browne Attack	1. e4 e5 2. Nf3 Nf6 3. Nxe5 d6 4. Nf3 Nxe4 5. d4 d5 6. Bd3 Nc6 7. O-O Be7 8. c4 Nb4 9. cxd5
C42	Petrov's Defense: Classical Attack, Chigorin Variation, Main Line	1. e4 e5 2. Nf3 Nf6 3. Nxe5 d6 4. Nf3 Nxe4 5. d4 d5 6. Bd3 Nc6 7. O-O Be7 8. c4 Nb4 9. Be2
C42	Petrov's Defense: Classical Attack, Closed Variation	1. e4 e5 2. Nf3 Nf6 3. Nxe5 d6 4. Nf3 Nxe4 5. d4 Nf6
C42	Petrov's Defense: Classical Attack, Jaenisch Variation	1. e4 e5 2. Nf3 Nf6 3. Nxe5 d6 4. Nf3 Nxe4 5. d4 d5 6. Bd3 Nc6 7. O-O Be7 8. c4
C42	Petrov's Defense: Classical Attack, Krause Variation	1. e4 e5 2. Nf3 Nf6 3. Nxe5 d6 4. Nf3 Nxe4 5. d4 d5 6. Bd3 Nc6 7. O-O Be7 8. Re1 Bg4 9. c3 f5 10. c4
C42	Petrov's Defense: Classical Attack, Marshall Trap	1. e4 e5 2. Nf3 Nf6 3. Nxe5 d6 4. Nf3 Nxe4 5. d4 d5 6. Bd3 Bd6 7. O-O O-O 8. c4 Bg4 9. cxd5 f5 10. Re1 Bxh2+
C42	Petrov's Defense: Classical Attack, Marshall Variation	1. e4 e5 2. Nf3 Nf6 3. Nxe5 d6 4. Nf3 Nxe4 5. d4 d5 6. Bd3 Bd6
C42	Petrov's Defense: Classical Attack, Marshall Variation, Chinese Gambit	1. e4 e5 2. Nf3 Nf6 3. Nxe5 d6 4. Nf3 Nxe4 5. d4 d5 6. Bd3 Bd6 7. O-O O-O 8. c4 c6 9. Re1 Bg4
C42	Petrov's Defense: Classical Attack, Maróczy Variation	1. e4 e5 2. Nf3 Nf6 3. Nxe5 d6 4. Nf3 Nxe4 5. d4 d5 6. Bd3 Be7 7. O-O Nc6 8. Re1 Bg4 9. c3 f5 10. c4 Bh4
C42	Petrov's Defense: Classical Attack, Mason Variation	1. e4 e5 2. Nf3 Nf6 3. Nxe5 d6 4. Nf3 Nxe4 5. d4 d5 6. Bd3 Be7 7. O-O O-O
C42	Petrov's Defense: Classical Attack, Mason-Showalter Variation	1. e4 e5 2. Nf3 Nf6 3. Nxe5 d6 4. Nf3 Nxe4 5. d4 d5 6. Bd3 Nc6
C42	Petrov's Defense: Classical Attack, Staunton Variation	1. e4 e5 2. Nf3 Nf6 3. Nxe5 d6 4. Nf3 Nxe4 5. d4 d5 6. Bd3 Bd6 7. O-O O-O 8. c4 c6
C42	Petrov's Defense: Classical Attack, Tarrasch Variation	1. e4 e5 2. Nf3 Nf6 3. Nxe5 d6 4. Nf3 Nxe4 5. d4 d5 6. Bd3 Bd6 7. O-O O-O 8. c4 Bg4
C42	Petrov's Defense: Cochrane Gambit	1. e4 e5 2. Nf3 Nf6 3. Nxe5 d6 4. Nxf7
C42	Petrov's Defense: Cochrane Gambit, Bishop Check Line	1. e4 e5 2. Nf3 Nf6 3. Nxe5 d6 4. Nxf7 Kxf7 5. Bc4+
C42	Petrov's Defense: Cochrane Gambit, Center Variation	1. e4 e5 2. Nf3 Nf6 3. Nxe5 d6 4. Nxf7 Kxf7 5. d4
C42	Petrov's Defense: Cozio Attack	1. e4 e5 2. Nf3 Nf6 3. Nxe5 d6 4. Nf3 Nxe4 5. Qe2
C42	Petrov's Defense: Damiano Variation	1. e4 e5 2. Nf3 Nf6 3. Nxe5 Nxe4
C42	Petrov's Defense: Damiano Variation, Kholmov Gambit	1. e4 e5 2. Nf3 Nf6 3. Nxe5 Nxe4 4. Qe2 Qe7
C42	Petrov's Defense: French Attack	1. e4 e5 2. Nf3 Nf6 3. Nxe5 d6 4. Nf3 Nxe4 5. d3
C42	Petrov's Defense: Italian Variation	1. e4 e5 2. Nf3 Nf6 3. Bc4
C42	Petrov's Defense: Karklins-Martinovsky Variation	1. e4 e5 2. Nf3 Nf6 3. Nxe5 d6 4. Nd3
C42	Petrov's Defense: Kaufmann Attack	1. e4 e5 2. Nf3 Nf6 3. Nxe5 d6 4. Nf3 Nxe4 5. c4
C42	Petrov's Defense: Millennium Attack	1. e4 e5 2. Nf3 Nf6 3. Nxe5 d6 4. Nf3 Nxe4 5. Bd3
C42	Petrov's Defense: Moody Gambit	1. e4 e5 2. Nf3 Nf6 3. Qe2 Nc6 4. d4
C42	Petrov's Defense: Nimzowitsch Attack	1. e4 e5 2. Nf3 Nf6 3. Nxe5 d6 4. Nf3 Nxe4 5. Nc3
C42	Petrov's Defense: Paulsen Attack	1. e4 e5 2. Nf3 Nf6 3. Nxe5 d6 4. Nc4
C42	Petrov's Defense: Stafford Gambit	1. e4 e5 2. Nf3 Nf6 3. Nxe5 Nc6
C42	Petrov's Defense: Stafford Gambit	1. e4 e5 2. Nf3 Nf6 3. Nxe5 Nc6 4. Nxc6 dxc6
C42	Petrov's Defense: Three Knights Game	1. e4 e5 2. Nf3 Nf6 3. Nc3
C43	Bishop's Opening: Urusov Gambit	1. e4 e5 2. Bc4 Nf6 3. d4 exd4 4. Nf3
C43	Bishop's Opening: Urusov Gambit, Keidansky Gambit	1. e4 e5 2. Bc4 Nf6 3. d4 exd4 4. Nf3 Nxe4 5. Qxd4
C43	Petrov's Defense: Modern Attack	1. e4 e5 2. Nf3 Nf6 3. d4
C43	Petrov's Defense: Modern Attack	1. e4 e5 2. Nf3 Nf6 3. d4 exd4
C43	Petrov's Defense: Modern Attack, Bardeleben Variation	1. e4 e5 2. Nf3 Nf6 3. d4 exd4 4. e5 Ne4 5. Qe2 Nc5 6. Nxd4 Nc6
C43	Petrov's Defense: Modern Attack, Center Attack	1. e4 e5 2. Nf3 Nf6 3. d4 exd4 4. e5 Ne4 5. Qxd4
C43	Petrov's Defense: Modern Attack, Center Variation	1. e4 e5 2. Nf3 Nf6 3. d4 Nxe4 4. Bd3
C43	Petrov's Defense: Modern Attack, Murrey Variation	1. e4 e5 2. Nf3 Nf6 3. d4 Nxe4 4. Bd3 Nc6
C43	Petrov's Defense: Modern Attack, Steinitz Variation	1. e4 e5 2. Nf3 Nf6 3. d4 exd4 4. e5 Ne4 5. Qe2
C43	Petrov's Defense: Modern Attack, Symmetrical Variation	1. e4 e5 2. Nf3 Nf6 3. d4 d5
C43	Petrov's Defense: Modern Attack, Tal Gambit	1. e4 e5 2. Nf3 Nf6 3. d4 exd4 4. e5 Ne4 5. Bb5
C43	Petrov's Defense: Modern Attack, Trifunovic Variation	1. e4 e5 2. Nf3 Nf6 3. d4 Nxe4 4. Bd3 d5 5. Nxe5 Bd6 6. O-O O-O 7. c4 Bxe5
C44	Dresden Opening: The Goblin	1. e4 e5 2. Nf3 Nc6 3. c4 Nf6 4. Nxe5
C44	Irish Gambit	1. e4 e5 2. Nf3 Nc6 3. Nxe5
C44	King's Knight Opening: Konstantinopolsky	1. e4 e5 2. Nf3 Nc6 3. g3
C44	King's Knight Opening: Normal Variation	1. e4 e5 2. Nf3 Nc6
C44	King's Pawn Game: Dresden Opening	1. e4 e5 2. Nf3 Nc6 3. c4
C44	King's Pawn Game: Pachman Wing Gambit	1. e4 e5 2. Nf3 Nc6 3. b4
C44	King's Pawn Game: Schulze-Müller Gambit	1. e4 e5 2. Nf3 Nc6 3. Nxe5 Nxe5 4. d4
C44	King's Pawn Game: Tayler Opening	1. e4 e5 2. Nf3 Nc6 3. Be2
C44	King's Pawn Game: Tayler Opening	1. e4 e5 2. Nf3 Nc6 3. Be2 Nf6 4. d4
C44	King's Pawn Game: Tayler Opening, Basman Gambit	1. e4 e5 2. Nf3 Nc6 3. Be2 Nf6 4. d4 exd4 5. e5
C44	King's Pawn Game: Tayler Opening, Inverted Hanham	1. e4 e5 2. Nf3 Nc6 3. Be2 Nf6 4. d3 d5 5. Nbd2
C44	Latvian Gambit: Clam Gambit	1. e4 e5 2. Nf3 Nc6 3. d3 f5 4. exf5
C44	Ponziani Opening	1. e4 e5 2. Nf3 Nc6 3. c3
C44	Ponziani Opening: Caro Gambit	1. e4 e5 2. Nf3 Nc6 3. c3 d5 4. Qa4 Bd7
C44	Ponziani Opening: Jaenisch Counterattack	1. e4 e5 2. Nf3 Nc6 3. c3 Nf6
C44	Ponziani Opening: Jaenisch Counterattack	1. e4 e5 2. Nf3 Nc6 3. c3 Nf6 4. d3
C44	Ponziani Opening: Jaenisch Counterattack	1. e4 e5 2. Nf3 Nc6 3. c3 Nf6 4. d3 d5
C44	Ponziani Opening: Jaenisch Counterattack	1. e4 e5 2. Nf3 Nc6 3. c3 Nf6 4. d3 d5 5. Nbd2
C44	Ponziani Opening: Leonhardt Variation	1. e4 e5 2. Nf3 Nc6 3. c3 d5 4. Qa4 Nf6
C44	Ponziani Opening: Neumann Gambit	1. e4 e5 2. Nf3 Nc6 3. c3 Nf6 4. Bc4
C44	Ponziani Opening: Ponziani Countergambit	1. e4 e5 2. Nf3 Nc6 3. c3 f5
C44	Ponziani Opening: Ponziani Countergambit, Schmidt Attack	1. e4 e5 2. Nf3 Nc6 3. c3 f5 4. d4 d6 5. d5
C44	Ponziani Opening: Romanishin Variation	1. e4 e5 2. Nf3 Nc6 3. c3 Be7
C44	Ponziani Opening: Réti Variation	1. e4 e5 2. Nf3 Nc6 3. c3 Nge7
C44	Ponziani Opening: Spanish Variation	1. e4 e5 2. Nf3 Nc6 3. c3 d5 4. Bb5
C44	Ponziani Opening: Spanish Variation, Harrwitz Attack, Nikitin Gambit	1. e4 e5 2. Nf3 Nc6 3. c3 d5 4. Bb5 dxe4 5. Nxe5 Qd5 6. Qa4
C44	Ponziani Opening: Steinitz Variation	1. e4 e5 2. Nf3 Nc6 3. c3 d5 4. Qa4 f6
C44	Ponziani Opening: Vukovic Gambit	1. e4 e5 2. Nf3 Nc6 3. c3 Nf6 4. d4 Nxe4 5. d5 Bc5
C44	Scotch Game	1. e4 e5 2. Nf3 Nc6 3. d4
C44	Scotch Game	1. e4 e5 2. Nf3 Nc6 3. d4 exd4
C44	Scotch Game: Benima Defense	1. e4 e5 2. Nf3 Nc6 3. Bc4 Be7 4. d4 exd4
C44	Scotch Game: Cochrane Variation	1. e4 e5 2. Nf3 Nc6 3. d4 exd4 4. Bc4 Bb4+ 5. c3 dxc3 6. bxc3 Ba5 7. e5
C44	Scotch Game: Cochrane-Shumov Defense	1. e4 e5 2. Nf3 Nc6 3. d4 exd4 4. Bc4 Bc5 5. Ng5 Nh6 6. Nxf7 Nxf7 7. Bxf7+ Kxf7 8. Qh5+ g6 9. Qxc5 d5
C44	Scotch Game: Göring Gambit	1. e4 e5 2. Nf3 Nc6 3. d4 exd4 4. c3
C44	Scotch Game: Göring Gambit, Bardeleben Variation	1. e4 e5 2. Nf3 Nc6 3. d4 exd4 4. c3 dxc3 5. Bc4 Nf6 6. Nxc3 Bb4
C44	Scotch Game: Göring Gambit, Double Pawn Sacrifice	1. e4 e5 2. Nf3 Nc6 3. d4 exd4 4. c3 dxc3 5. Bc4
C44	Scotch Game: Göring Gambit, Main Line	1. e4 e5 2. Nf3 Nc6 3. d4 exd4 4. c3 dxc3 5. Nxc3 Bb4
C44	Scotch Game: Hanneken Variation	1. e4 e5 2. Nf3 Nc6 3. d4 exd4 4. Bc4 Bb4+ 5. c3 dxc3 6. O-O cxb2 7. Bxb2 Nf6 8. Ng5 O-O 9. e5 Nxe5
C44	Scotch Game: Haxo Gambit	1. e4 e5 2. Nf3 Nc6 3. d4 exd4 4. Bc4 Bc5
C44	Scotch Game: Lolli Variation	1. e4 e5 2. Nf3 Nc6 3. d4 Nxd4
C44	Scotch Game: Lolli Variation	1. e4 e5 2. Nf3 Nc6 3. d4 Nxd4 4. Nxd4 exd4 5. Qxd4
C44	Scotch Game: Napoleon Gambit	1. e4 e5 2. Nf3 Nc6 3. d4 Nxd4 4. Nxd4 exd4 5. Bc4
C44	Scotch Game: Relfsson Gambit	1. e4 e5 2. Nf3 Nc6 3. d4 exd4 4. Bb5
C44	Scotch Game: Scotch Gambit	1. e4 e5 2. Nf3 Nc6 3. d4 exd4 4. Bc4
C44	Scotch Game: Scotch Gambit, Advance Variation	1. e4 e5 2. Nf3 Nc6 3. d4 exd4 4. Bc4 Nf6 5. e5
C44	Scotch Game: Scotch Gambit, Cochrane-Anderssen Variation	1. e4 e5 2. Nf3 Nc6 3. d4 exd4 4. Bc4 Bc5 5. O-O d6 6. c3 Bg4
C44	Scotch Game: Scotch Gambit, Dubois Réti Defense	1. e4 e5 2. Nf3 Nc6 3. Bc4 Nf6 4. d4 exd4
C44	Scotch Game: Scotch Gambit, Göring Gambit Declined	1. e4 e5 2. Nf3 Nc6 3. d4 exd4 4. c3 d5
C44	Scotch Game: Scotch Gambit, Kingside Variation	1. e4 e5 2. Nf3 Nc6 3. Bc4 Nf6 4. d4 exd4 5. e5 Ng4
C44	Scotch Game: Scotch Gambit, London Defense	1. e4 e5 2. Nf3 Nc6 3. d4 exd4 4. Bc4 Bb4+
C44	Scotch Game: Scotch Gambit, Sarratt Variation	1. e4 e5 2. Nf3 Nc6 3. d4 exd4 4. Bc4 Bc5 5. Ng5
C44	Scotch Game: Sea-Cadet Mate	1. e4 e5 2. Nf3 Nc6 3. d4 exd4 4. c3 dxc3 5. Nxc3 d6 6. Bc4 Bg4 7. O-O Ne5 8. Nxe5 Bxd1 9. Bxf7+ Ke7 10. Nd5#
C44	Scotch Game: Vitzthum Attack	1. e4 e5 2. Nf3 Nc6 3. d4 exd4 4. Bc4 Bc5 5. Ng5 Nh6 6. Qh5
C45	Scotch Game	1. e4 e5 2. Nf3 Nc6 3. d4 exd4 4. Nxd4
C45	Scotch Game	1. e4 e5 2. Nf3 Nc6 3. d4 exd4 4. Nxd4 Qh4 5. Nb5 Bb4+ 6. Bd2
C45	Scotch Game: Alekhine Gambit	1. e4 e5 2. Nf3 Nc6 3. d4 exd4 4. Nxd4 Nf6 5. e5
C45	Scotch Game: Blumenfeld Attack	1. e4 e5 2. Nf3 Nc6 3. d4 exd4 4. Nxd4 Bc5 5. Be3 Qf6 6. Nb5
C45	Scotch Game: Braune Variation	1. e4 e5 2. Nf3 Nc6 3. d4 exd4 4. Nxd4 Qh4 5. Be3
C45	Scotch Game: Classical Variation	1. e4 e5 2. Nf3 Nc6 3. d4 exd4 4. Nxd4 Bc5
C45	Scotch Game: Classical Variation, Blackburne Attack	1. e4 e5 2. Nf3 Nc6 3. d4 exd4 4. Nxd4 Bc5 5. Be3 Qf6 6. c3 Nge7 7. Qd2
C45	Scotch Game: Classical Variation, Intermezzo Variation	1. e4 e5 2. Nf3 Nc6 3. d4 exd4 4. Nxd4 Bc5 5. Nxc6 Qf6
C45	Scotch Game: Classical Variation, Millennium Variation	1. e4 e5 2. Nf3 Nc6 3. d4 exd4 4. Nxd4 Bc5 5. Be3 Qf6 6. c3 Qg6
C45	Scotch Game: Fraser Variation	1. e4 e5 2. Nf3 Nc6 3. d4 exd4 4. Nxd4 Qh4 5. Nf3
C45	Scotch Game: Ghulam-Kassim Variation	1. e4 e5 2. Nf3 Nc6 3. d4 exd4 4. Nxd4 Nxd4 5. Qxd4 d6 6. Bd3
C45	Scotch Game: Gottschall Variation	1. e4 e5 2. Nf3 Nc6 3. d4 exd4 4. Nxd4 Bc5 5. Be3 Qf6 6. c3 Nge7 7. Qd2 d5 8. Nb5 Bxe3 9. Qxe3 O-O 10. Nxc7 Rb8 11. Nxd5 Nxd5 12. exd5 Nb4
C45	Scotch Game: Horwitz Attack	1. e4 e5 2. Nf3 Nc6 3. d4 exd4 4. Nxd4 Qh4 5. Nb5
C45	Scotch Game: Horwitz Attack, Blackburne Variation	1. e4 e5 2. Nf3 Nc6 3. d4 exd4 4. Nxd4 Qh4 5. Nb5 Bb4+ 6. Bd2 Qxe4+ 7. Be2 Kd8 8. O-O Bxd2 9. Qxd2
C45	Scotch Game: Malaniuk Variation	1. e4 e5 2. Nf3 Nc6 3. d4 exd4 4. Nxd4 Bb4+
C45	Scotch Game: Meitner Variation	1. e4 e5 2. Nf3 Nc6 3. d4 exd4 4. Nxd4 Bc5 5. Be3 Qf6 6. c3 Nge7 7. Nc2
C45	Scotch Game: Mieses Variation	1. e4 e5 2. Nf3 Nc6 3. d4 exd4 4. Nxd4 Nf6 5. Nxc6 bxc6 6. e5
C45	Scotch Game: Modern Defense	1. e4 e5 2. Nf3 Nc6 3. d4 exd4 4. Nxd4 Qh4 5. Nc3 Bb4
C45	Scotch Game: Paulsen Attack	1. e4 e5 2. Nf3 Nc6 3. d4 exd4 4. Nxd4 Bc5 5. Be3 Qf6 6. c3 Nge7 7. Bb5
C45	Scotch Game: Paulsen Variation	1. e4 e5 2. Nf3 Nc6 3. d4 exd4 4. Nxd4 Qh4 5. Nf5
C45	Scotch Game: Paulsen, Gunsberg Defense	1. e4 e5 2. Nf3 Nc6 3. d4 exd4 4. Nxd4 Bc5 5. Be3 Qf6 6. c3 Nge7 7. Bb5 Nd8
C45	Scotch Game: Potter Variation	1. e4 e5 2. Nf3 Nc6 3. d4 exd4 4. Nxd4 Bc5 5. Nb3
C45	Scotch Game: Romanishin Variation	1. e4 e5 2. Nf3 Nc6 3. d4 exd4 4. Nxd4 Bc5 5. Nb3 Bb4+
C45	Scotch Game: Rosenthal Variation	1. e4 e5 2. Nf3 Nc6 3. d4 exd4 4. Nxd4 Qh4 5. Nb5 Bb4+ 6. Bd2 Qxe4+ 7. Be2 Kd8 8. O-O Bxd2 9. Nxd2 Qg6
C45	Scotch Game: Schmidt Variation	1. e4 e5 2. Nf3 Nc6 3. d4 exd4 4. Nxd4 Nf6
C45	Scotch Game: Steinitz Variation	1. e4 e5 2. Nf3 Nc6 3. d4 exd4 4. Nxd4 Qh4
C45	Scotch Game: Steinitz Variation	1. e4 e5 2. Nf3 Nc6 3. d4 exd4 4. Nxd4 Qh4 5. Nc3
C45	Scotch Game: Tartakower Variation	1. e4 e5 2. Nf3 Nc6 3. d4 exd4 4. Nxd4 Nf6 5. Nxc6 bxc6 6. Nd2
C46	Three Knights Opening	1. e4 e5 2. Nf3 Nc6 3. Nc3
C46	Three Knights Opening	1. e4 e5 2. Nf3 Nc6 3. Nc3 Bb4
C46	Three Knights Opening: Schlechter Variation	1. e4 e5 2. Nf3 Nc6 3. Nc3 Bb4 4. Nd5 Nf6
C46	Three Knights Opening: Steinitz Defense	1. e4 e5 2. Nf3 Nc6 3. Nc3 g6
C46	Three Knights Opening: Steinitz-Rosenthal Variation	1. e4 e5 2. Nf3 Nc6 3. Nc3 g6 4. d4 exd4 5. Nd5
C46	Three Knights Opening: Winawer Defense	1. e4 e5 2. Nf3 Nc6 3. Nc3 f5
C47	Four Knights Game	1. e4 e5 2. Nf3 Nc6 3. Nc3 Nf6
C47	Four Knights Game: Glek System	1. e4 e5 2. Nf3 Nc6 3. Nc3 Nf6 4. g3
C47	Four Knights Game: Glek System	1. e4 e5 2. Nf3 Nc6 3. Nc3 Nf6 4. g3 d5 5. exd5 Nxd5 6. Bg2 Nxc3 7. bxc3
C47	Four Knights Game: Gunsberg Variation	1. e4 e5 2. Nf3 Nc6 3. Nc3 Nf6 4. a3
C47	Four Knights Game: Halloween Gambit	1. e4 e5 2. Nf3 Nc6 3. Nc3 Nf6 4. Nxe5
C47	Four Knights Game: Halloween Gambit, Oldtimer Variation	1. e4 e5 2. Nf3 Nc6 3. Nc3 Nf6 4. Nxe5 Nxe5 5. d4 Ng6 6. e5 Ng8 7. Bc4 Bb4 8. Qf3 f5
C47	Four Knights Game: Halloween Gambit, Plasma Variation	1. e4 e5 2. Nf3 Nc6 3. Nc3 Nf6 4. Nxe5 Nxe5 5. d4 Nc6 6. d5 Ne5 7. f4 Ng6 8. e5 Ng8 9. d6 cxd6 10. exd6 Qf6 11. Nb5 Rb8
C47	Four Knights Game: Italian Variation	1. e4 e5 2. Nf3 Nc6 3. Bc4 Nf6 4. Nc3
C47	Four Knights Game: Italian Variation, Noa Gambit	1. e4 e5 2. Nf3 Nc6 3. Bc4 Nf6 4. Nc3 Nxe4 5. Bxf7+
C47	Four Knights Game: Scotch Variation	1. e4 e5 2. Nf3 Nc6 3. Nc3 Nf6 4. d4
C47	Four Knights Game: Scotch Variation Accepted	1. e4 e5 2. Nf3 Nc6 3. Nc3 Nf6 4. d4 exd4
C47	Four Knights Game: Scotch Variation, Belgrade Gambit	1. e4 e5 2. Nf3 Nc6 3. Nc3 Nf6 4. d4 exd4 5. Nd5
C47	Four Knights Game: Scotch Variation, Belgrade Gambit, Modern Defense	1. e4 e5 2. Nf3 Nc6 3. Nc3 Nf6 4. d4 exd4 5. Nd5 Nxe4 6. Qe2 f5
C47	Four Knights Game: Scotch Variation, Krause Gambit	1. e4 e5 2. Nf3 Nc6 3. Nc3 Nf6 4. d4 Bb4 5. Nxe5
C47	Four Knights Game: Scotch Variation, Krause Gambit, Leonhardt Defense	1. e4 e5 2. Nf3 Nc6 3. Nc3 Nf6 4. d4 Bb4 5. Nxe5 Qe7
C47	Four Knights Game: Scotch Variation, Oxford Gambit	1. e4 e5 2. Nf3 Nc6 3. Nc3 Nf6 4. d4 Bb4 5. d5 Nd4
C47	Four Knights Game: Scotch Variation, Schmid Defense	1. e4 e5 2. Nf3 Nc6 3. Nc3 Nf6 4. d4 exd4 5. Nxd4 Nxe4
C48	Four Knights Game: Spanish Variation	1. e4 e5 2. Nf3 Nc6 3. Nc3 Nf6 4. Bb5
C48	Four Knights Game: Spanish Variation, Bardeleben Variation	1. e4 e5 2. Nf3 Nc6 3. Nc3 Nf6 4. Bb5 Bc5 5. O-O O-O 6. Nxe5 Nxe5 7. d4 Bd6 8. f4 Nc6 9. e5 Bb4
C48	Four Knights Game: Spanish Variation, Classical Variation	1. e4 e5 2. Nf3 Nc6 3. Nc3 Nf6 4. Bb5 Bc5
C48	Four Knights Game: Spanish Variation, Ranken Variation	1. e4 e5 2. Nf3 Nc6 3. Nc3 Nf6 4. Bb5 a6 5. Bxc6
C48	Four Knights Game: Spanish Variation, Rubinstein Variation	1. e4 e5 2. Nf3 Nc6 3. Nc3 Nf6 4. Bb5 Nd4
C48	Four Knights Game: Spanish Variation, Rubinstein Variation	1. e4 e5 2. Nf3 Nc6 3. Nc3 Nf6 4. Bb5 Nd4 5. Be2
C48	Four Knights Game: Spanish Variation, Rubinstein Variation	1. e4 e5 2. Nf3 Nf6 3. Nc3 Nc6 4. Bb5 Nd4 5. Nxe5 Qe7 6. f4
C48	Four Knights Game: Spanish Variation, Rubinstein Variation Accepted	1. e4 e5 2. Nf3 Nc6 3. Nc3 Nf6 4. Bb5 Nd4 5. Nxd4
C48	Four Knights Game: Spanish Variation, Rubinstein Variation, Henneberger Variation	1. e4 e5 2. Nf3 Nf6 3. Nc3 Nc6 4. Bb5 Nd4 5. O-O
C48	Four Knights Game: Spanish Variation, Rubinstein Variation, Marshall Gambit	1. e4 e5 2. Nf3 Nc6 3. Nc3 Nf6 4. Bb5 Nd4 5. Ba4 Bc5 6. Nxe5 O-O
C48	Four Knights Game: Spanish Variation, Rubinstein Variation, Marshall Variation	1. e4 e5 2. Nf3 Nc6 3. Nc3 Nf6 4. Bb5 Nd4 5. Nxe5 Bc5 6. O-O O-O
C48	Four Knights Game: Spanish Variation, Rubinstein Variation, Maróczy Variation	1. e4 e5 2. Nf3 Nc6 3. Nc3 Nf6 4. Bb5 Nd4 5. Be2 Nxf3+ 6. Bxf3 Bc5 7. O-O O-O 8. d3 d6 9. Na4 Bb6
C48	Four Knights Game: Spanish Variation, Spielmann Variation	1. e4 e5 2. Nf3 Nc6 3. Nc3 Nf6 4. Bb5 a6 5. Bxc6 dxc6 6. Nxe5 Nxe4 7. Nxe4 Qd4 8. O-O Qxe5 9. Re1 Be6 10. d4 Qd5
C49	Four Knights Game: Spanish Variation	1. e4 e5 2. Nf3 Nc6 3. Nc3 Nf6 4. Bb5 Bb4 5. O-O O-O 6. d3 Bxc3
C49	Four Knights Game: Spanish Variation, Alatortsev Variation	1. e4 e5 2. Nf3 Nc6 3. Nc3 Nf6 4. Bb5 Bb4 5. O-O O-O 6. d3 Qe7 7. Ne2 d5
C49	Four Knights Game: Spanish Variation, Double Spanish	1. e4 e5 2. Nf3 Nc6 3. Nc3 Nf6 4. Bb5 Bb4
C49	Four Knights Game: Spanish Variation, Double Spanish	1. e4 e5 2. Nf3 Nc6 3. Nc3 Nf6 4. Bb5 Bb4 5. O-O O-O 6. d3
C49	Four Knights Game: Spanish Variation, Gunsberg Counterattack	1. e4 e5 2. Nf3 Nf6 3. Nc3 Nc6 4. Bb5 Bb4 5. O-O O-O 6. Nd5 Nxd5 7. exd5 e4
C49	Four Knights Game: Spanish Variation, Janowski Variation	1. e4 e5 2. Nf3 Nc6 3. Nc3 Nf6 4. Bb5 Bb4 5. O-O O-O 6. d3 Bxc3 7. bxc3 d6 8. Re1
C49	Four Knights Game: Spanish Variation, Nimzowitsch Variation	1. e4 e5 2. Nf3 Nc6 3. Nc3 Nf6 4. Bb5 Bb4 5. O-O O-O 6. Bxc6
C49	Four Knights Game: Spanish Variation, Svenonius Variation	1. e4 e5 2. Nf3 Nc6 3. Nc3 Nf6 4. Bb5 Bb4 5. O-O O-O 6. d3 Bxc3 7. bxc3 d5
C49	Four Knights Game: Spanish Variation, Symmetrical Variation	1. e4 e5 2. Nf3 Nc6 3. Nc3 Nf6 4. Bb5 Bb4 5. O-O O-O 6. d3 d6
C49	Four Knights Game: Spanish Variation, Symmetrical Variation	1. e4 e5 2. Nf3 Nc6 3. Nc3 Nf6 4. Bb5 Bb4 5. O-O O-O 6. d3 d6 7. Bg5 Bxc3 8. bxc3 Qe7 9. Re1 Nd8 10. d4 Bg4
C49	Four Knights Game: Spanish Variation, Symmetrical Variation	1. e4 e5 2. Nf3 Nc6 3. Nc3 Nf6 4. Bb5 Bb4 5. O-O O-O 6. d3 d6 7. Bg5 Ne7
C49	Four Knights Game: Spanish Variation, Symmetrical Variation	1. e4 e5 2. Nf3 Nc6 3. Nc3 Nf6 4. Bb5 Bb4 5. O-O O-O 6. d3 d6 7. Ne2
C49	Four Knights Game: Spanish Variation, Symmetrical Variation, Blake Variation	1. e4 e5 2. Nf3 Nc6 3. Nc3 Nf6 4. Bb5 Bb4 5. O-O O-O 6. d3 d6 7. Bg5 Ne7 8. Nh4 c6 9. Bc4 d5 10. Bb3 Qd6
C49	Four Knights Game: Spanish Variation, Symmetrical Variation, Metger Unpin	1. e4 e5 2. Nf3 Nc6 3. Nc3 Nf6 4. Bb5 Bb4 5. O-O O-O 6. d3 d6 7. Bg5 Bxc3 8. bxc3 Qe7
C49	Four Knights Game: Spanish Variation, Symmetrical Variation, Tarrasch Variation	1. e4 e5 2. Nf3 Nf6 3. Nc3 Nc6 4. Bb5 Bb4 5. O-O O-O 6. d3 d6 7. Bg5 Be6
C50	Four Knights Game: Italian Variation	1. e4 e5 2. Nf3 Nc6 3. Bc4 Bc5 4. Nc3 Nf6
C50	Italian Game	1. e4 e5 2. Nf3 Nc6 3. Bc4
C50	Italian Game: Anti-Fried Liver Defense	1. e4 e5 2. Nf3 Nc6 3. Bc4 h6
C50	Italian Game: Blackburne-Kostić Gambit	1. e4 e5 2. Nf3 Nc6 3. Bc4 Nd4
C50	Italian Game: Classical Variation, Albin Gambit	1. e4 e5 2. Nf3 Nc6 3. Bc4 Bc5 4. O-O Nf6 5. c3
C50	Italian Game: Deutz Gambit	1. e4 e5 2. Nf3 Nc6 3. Bc4 Bc5 4. O-O Nf6 5. d4
C50	Italian Game: Giuoco Pianissimo	1. e4 e5 2. Nf3 Nc6 3. Bc4 Bc5 4. d3
C50	Italian Game: Giuoco Pianissimo	1. e4 e5 2. Nf3 Nc6 3. Bc4 Nf6 4. O-O Bc5 5. Nc3 d6 6. d3
C50	Italian Game: Giuoco Pianissimo, Canal Variation	1. e4 e5 2. Nf3 Nc6 3. Bc4 Bc5 4. d3 Nf6 5. Nc3 d6 6. Bg5
C50	Italian Game: Giuoco Pianissimo, Dubois Variation	1. e4 e5 2. Nf3 Nc6 3. Bc4 Bc5 4. d3 f5 5. Ng5 f4
C50	Italian Game: Giuoco Pianissimo, Italian Four Knights Variation	1. e4 e5 2. Nf3 Nc6 3. Bc4 Bc5 4. d3 Nf6 5. Nc3
C50	Italian Game: Giuoco Pianissimo, Lucchini Gambit	1. e4 e5 2. Nf3 Nc6 3. Bc4 Bc5 4. d3 f5
C50	Italian Game: Giuoco Pianissimo, Normal	1. e4 e5 2. Nf3 Nc6 3. Bc4 Nf6 4. d3 Bc5
C50	Italian Game: Giuoco Piano	1. e4 e5 2. Nf3 Nc6 3. Bc4 Bc5
C50	Italian Game: Hungarian Defense	1. e4 e5 2. Nf3 Nc6 3. Bc4 Be7
C50	Italian Game: Hungarian Defense, Tartakower Variation	1. e4 e5 2. Nf3 Nc6 3. Bc4 Be7 4. d4 exd4 5. c3 Nf6 6. e5 Ne4
C50	Italian Game: Jerome Gambit	1. e4 e5 2. Nf3 Nc6 3. Bc4 Bc5 4. Bxf7+
C50	Italian Game: Paris Defense	1. e4 e5 2. Nf3 Nc6 3. Bc4 d6
C50	Italian Game: Rosentreter Gambit	1. e4 e5 2. Nf3 Nc6 3. Bc4 Bc5 4. d4
C50	Italian Game: Rousseau Gambit	1. e4 e5 2. Nf3 Nc6 3. Bc4 f5
C51	Italian Game: Evans Gambit	1. e4 e5 2. Nf3 Nc6 3. Bc4 Bc5 4. b4
C51	Italian Game: Evans Gambit	1. e4 e5 2. Nf3 Nc6 3. Bc4 Bc5 4. b4 Bxb4 5. c3 Bc5 6. d4 exd4 7. O-O d6 8. cxd4 Bb6 9. Nc3 Bg4
C51	Italian Game: Evans Gambit Accepted	1. e4 e5 2. Nf3 Nc6 3. Bc4 Bc5 4. b4 Bxb4
C51	Italian Game: Evans Gambit Declined	1. e4 e5 2. Nf3 Nc6 3. Bc4 Bc5 4. b4 Bb6
C51	Italian Game: Evans Gambit Declined	1. e4 e5 2. Nf3 Nc6 3. Bc4 Bc5 4. b4 Bb6 5. a4
C51	Italian Game: Evans Gambit Declined, Cordel Variation	1. e4 e5 2. Nf3 Nc6 3. Bc4 Bc5 4. b4 Bb6 5. Bb2
C51	Italian Game: Evans Gambit Declined, Hicken Variation	1. e4 e5 2. Nf3 Nc6 3. Bc4 Bc5 4. b4 Bb6 5. b5 Na5 6. Nxe5 Qg5 7. Qf3 Qxe5 8. Qxf7+ Kd8 9. Bb2
C51	Italian Game: Evans Gambit Declined, Hirschbach Variation	1. e4 e5 2. Nf3 Nc6 3. Bc4 Bc5 4. b4 Bb6 5. b5 Na5 6. Nxe5 Qg5
C51	Italian Game: Evans Gambit Declined, Lange Variation	1. e4 e5 2. Nf3 Nc6 3. Bc4 Bc5 4. b4 Bb6 5. b5 Na5 6. Nxe5 Nh6
C51	Italian Game: Evans Gambit Declined, Pavlov Variation	1. e4 e5 2. Nf3 Nc6 3. Bc4 Bc5 4. b4 Bb6 5. b5 Na5 6. Nxe5 Nh6 7. d4 d6 8. Bxh6 dxe5 9. Bxg7 Rg8 10. Bxf7+ Kxf7 11. Bxe5 Qg5 12. Nd2
C51	Italian Game: Evans Gambit Declined, Showalter Variation	1. e4 e5 2. Nf3 Nc6 3. Bc4 Bc5 4. b4 Bb6 5. a4 a6 6. Nc3
C51	Italian Game: Evans Gambit Declined, Vasquez Variation	1. e4 e5 2. Nf3 Nc6 3. Bc4 Bc5 4. b4 Bb6 5. b5 Na5 6. Nxe5 Qg5 7. Bxf7+ Ke7 8. Qh5
C51	Italian Game: Evans Gambit, Anderssen Variation	1. e4 e5 2. Nf3 Nc6 3. Bc4 Bc5 4. b4 Bxb4 5. c3 Be7
C51	Italian Game: Evans Gambit, Anderssen Variation, Cordel Line	1. e4 e5 2. Nf3 Nc6 3. Bc4 Bc5 4. b4 Bxb4 5. c3 Be7 6. d4 Na5
C51	Italian Game: Evans Gambit, Fontaine Countergambit	1. e4 e5 2. Nf3 Nc6 3. Bc4 Bc5 4. b4 b5
C51	Italian Game: Evans Gambit, Fraser Attack	1. e4 e5 2. Nf3 Nc6 3. Bc4 Bc5 4. b4 Bxb4 5. c3 Bc5 6. d4 exd4 7. O-O d6 8. cxd4 Bb6 9. Nc3 Bg4 10. Qa4
C51	Italian Game: Evans Gambit, Fraser-Mortimer Attack	1. e4 e5 2. Nf3 Nc6 3. Bc4 Bc5 4. b4 Bxb4 5. c3 Bc5 6. d4 exd4 7. O-O d6 8. cxd4 Bb6 9. Nc3 Bg4 10. Qa4 Bd7 11. Qb3 Na5 12. Bxf7+ Kf8 13. Qc2
C51	Italian Game: Evans Gambit, Göring Attack	1. e4 e5 2. Nf3 Nc6 3. Bc4 Bc5 4. b4 Bxb4 5. c3 Bc5 6. d4 exd4 7. O-O d6 8. cxd4 Bb6 9. Nc3 Na5 10. Bg5
C51	Italian Game: Evans Gambit, Harding Variation	1. e4 e5 2. Nf3 Nc6 3. Bc4 Bc5 4. b4 Bxb4 5. c3 Bc5 6. d4 exd4 7. cxd4 Bb4+ 8. Bd2
C51	Italian Game: Evans Gambit, Hein Countergambit	1. e4 e5 2. Nf3 Nc6 3. Bc4 Bc5 4. b4 d5
C51	Italian Game: Evans Gambit, Mayet Defense	1. e4 e5 2. Nf3 Nc6 3. Bc4 Bc5 4. b4 Bxb4 5. c3 Bf8
C51	Italian Game: Evans Gambit, McDonnell Defense	1. e4 e5 2. Nf3 Nc6 3. Bc4 Bc5 4. b4 Bxb4 5. c3 Bc5
C51	Italian Game: Evans Gambit, McDonnell Defense, Main Line	1. e4 e5 2. Nf3 Nc6 3. Bc4 Bc5 4. b4 Bxb4 5. c3 Bc5 6. d4 exd4 7. O-O d6 8. cxd4 Bb6
C51	Italian Game: Evans Gambit, Morphy Attack	1. e4 e5 2. Nf3 Nc6 3. Bc4 Bc5 4. b4 Bxb4 5. c3 Ba5 6. d4 exd4 7. O-O d6 8. cxd4 Bb6 9. Nc3
C51	Italian Game: Evans Gambit, Mortimer-Evans Gambit	1. e4 e5 2. Nf3 Nc6 3. Bc4 Bc5 4. b4 Bxb4 5. c3 Bc5 6. d4 exd4 7. O-O d6 8. cxd4 Bb6 9. Nc3 Bg4 10. Qa4 Bd7 11. Qb3 Na5 12. Bxf7+ Kf8 13. Qc2 Kxf7
C51	Italian Game: Evans Gambit, Paulsen Variation	1. e4 e5 2. Nf3 Nc6 3. Bc4 Bc5 4. b4 Bxb4 5. c3 Bc5 6. d4 exd4 7. O-O d6 8. cxd4 Bb6 9. d5 Na5 10. Bb2 Ne7
C51	Italian Game: Evans Gambit, Steinitz Variation	1. e4 e5 2. Nf3 Nc6 3. Bc4 Bc5 4. b4 Bxb4 5. c3 Bc5 6. d4 exd4 7. O-O d6 8. cxd4 Bb6 9. Nc3 Na5 10. Bg5 f6 11. Be3
C51	Italian Game: Evans Gambit, Stone-Ware Variation	1. e4 e5 2. Nf3 Nc6 3. Bc4 Bc5 4. b4 Bxb4 5. c3 Bd6
C51	Italian Game: Evans Gambit, Ulvestad Variation	1. e4 e5 2. Nf3 Nc6 3. Bc4 Bc5 4. b4 Bxb4 5. c3 Bc5 6. d4 exd4 7. O-O d6 8. cxd4 Bb6 9. d5 Na5 10. Bb2
C52	Italian Game: Evans Gambit	1. e4 e5 2. Nf3 Nc6 3. Bc4 Bc5 4. b4 Bxb4 5. c3 Ba5 6. O-O d6
C52	Italian Game: Evans Gambit, Alapin-Steinitz Variation	1. e4 e5 2. Nf3 Nc6 3. Bc4 Bc5 4. b4 Bxb4 5. c3 Ba5 6. O-O d6 7. d4 Bg4
C52	Italian Game: Evans Gambit, Anderssen Defense	1. e4 e5 2. Nf3 Nc6 3. Bc4 Bc5 4. b4 Bxb4 5. c3 Ba5 6. O-O Nf6 7. d4 exd4
C52	Italian Game: Evans Gambit, Bronstein Defense	1. e4 e5 2. Nf3 Nc6 3. Bc4 Bc5 4. b4 Bxb4 5. c3 Ba5 6. d4 d6
C52	Italian Game: Evans Gambit, Compromised Defense	1. e4 e5 2. Nf3 Nc6 3. Bc4 Bc5 4. b4 Bxb4 5. c3 Ba5 6. d4 exd4 7. O-O dxc3
C52	Italian Game: Evans Gambit, Compromised Defense, Main Line	1. e4 e5 2. Nf3 Nc6 3. Bc4 Bc5 4. b4 Bxb4 5. c3 Ba5 6. d4 exd4 7. O-O dxc3 8. Qb3 Qf6 9. e5 Qg6 10. Nxc3 Nge7 11. Ba3
C52	Italian Game: Evans Gambit, Compromised Defense, Potter Variation	1. e4 e5 2. Nf3 Nc6 3. Bc4 Bc5 4. b4 Bxb4 5. c3 Ba5 6. d4 exd4 7. O-O dxc3 8. Qb3 Qf6 9. e5 Qg6 10. Nxc3 Nge7 11. Rd1
C52	Italian Game: Evans Gambit, Dufresne Defense	1. e4 e5 2. Nf3 Nc6 3. Bc4 Bc5 4. b4 Bxb4 5. c3 Ba5 6. d4 exd4 7. O-O d3
C52	Italian Game: Evans Gambit, Johner Defense	1. e4 e5 2. Nf3 Nc6 3. Bc4 Bc5 4. b4 Bxb4 5. c3 Ba5 6. d4 exd4 7. O-O b5
C52	Italian Game: Evans Gambit, Laroche Variation	1. e4 e5 2. Nf3 Nc6 3. Bc4 Bc5 4. b4 Bxb4 5. c3 Ba5 6. d4 Nf6
C52	Italian Game: Evans Gambit, Lasker Defense	1. e4 e5 2. Nf3 Nc6 3. Bc4 Bc5 4. b4 Bxb4 5. c3 Ba5 6. O-O d6 7. d4 Bb6
C52	Italian Game: Evans Gambit, Leonhardt Countergambit	1. e4 e5 2. Nf3 Nc6 3. Bc4 Bc5 4. b4 Bxb4 5. c3 Ba5 6. d4 b5
C52	Italian Game: Evans Gambit, Levenfish Variation	1. e4 e5 2. Nf3 Nc6 3. Bc4 Bc5 4. b4 Bxb4 5. c3 Ba5 6. d4 d6 7. Qb3 Qd7 8. dxe5 dxe5 9. O-O Bb6 10. Ba3 Na5 11. Nxe5
C52	Italian Game: Evans Gambit, Main Line	1. e4 e5 2. Nf3 Nc6 3. Bc4 Bc5 4. b4 Bxb4 5. c3 Ba5
C52	Italian Game: Evans Gambit, Mieses Defense	1. e4 e5 2. Nf3 Nc6 3. Bc4 Bc5 4. b4 Bxb4 5. c3 Ba5 6. d4 exd4 7. O-O Nge7
C52	Italian Game: Evans Gambit, Pierce Defense	1. e4 e5 2. Nf3 Nc6 3. Bc4 Bc5 4. b4 Bxb4 5. c3 Ba5 6. d4 exd4
C52	Italian Game: Evans Gambit, Richardson Attack	1. e4 e5 2. Nf3 Nc6 3. Bc4 Bc5 4. b4 Bxb4 5. c3 Ba5 6. O-O Nf6 7. d4 O-O 8. Nxe5
C52	Italian Game: Evans Gambit, Sanders-Alapin Variation	1. e4 e5 2. Nf3 Nc6 3. Bc4 Bc5 4. b4 Bxb4 5. c3 Ba5 6. O-O d6 7. d4 Bd7
C52	Italian Game: Evans Gambit, Slow Variation	1. e4 e5 2. Nf3 Nc6 3. Bc4 Bc5 4. b4 Bxb4 5. c3 Ba5 6. O-O
C52	Italian Game: Evans Gambit, Sokolsky Variation	1. e4 e5 2. Nf3 Nc6 3. Bc4 Bc5 4. b4 Bxb4 5. c3 Ba5 6. d4 d6 7. Bg5
C52	Italian Game: Evans Gambit, Tartakower Attack	1. e4 e5 2. Nf3 Nc6 3. Bc4 Bc5 4. b4 Bxb4 5. c3 Ba5 6. d4 d6 7. Qb3
C52	Italian Game: Evans Gambit, Waller Attack	1. e4 e5 2. Nf3 Nc6 3. Bc4 Bc5 4. b4 Bxb4 5. c3 Ba5 6. d4 exd4 7. O-O d6 8. Qb3
C53	Italian Game: Bird's Attack	1. e4 e5 2. Nf3 Nc6 3. Bc4 Bc5 4. c3 Nf6 5. b4
C53	Italian Game: Classical Variation	1. e4 e5 2. Nf3 Nc6 3. Bc4 Bc5 4. c3
C53	Italian Game: Classical Variation, Center Holding Variation	1. e4 e5 2. Nf3 Nc6 3. Bc4 Bc5 4. c3 Qe7 5. d4 Bb6
C53	Italian Game: Classical Variation, Closed Variation	1. e4 e5 2. Nf3 Nc6 3. Bc4 Bc5 4. c3 Qe7
C53	Italian Game: Classical Variation, Eisinger Variation	1. e4 e5 2. Nf3 Nc6 3. Bc4 Bc5 4. c3 Qe7 5. d4 Bb6 6. d5 Nb8 7. d6
C53	Italian Game: Classical Variation, La Bourdonnais Variation	1. e4 e5 2. Nf3 Nc6 3. Bc4 Bc5 4. c3 d6 5. d4 exd4 6. cxd4 Bb6
C53	Italian Game: Classical Variation, Mestel Variation	1. e4 e5 2. Nf3 Nc6 3. Bc4 Bc5 4. c3 Qe7 5. d4 Bb6 6. Bg5
C53	Italian Game: Classical Variation, Tarrasch Variation	1. e4 e5 2. Nf3 Nc6 3. Bc4 Bc5 4. c3 Qe7 5. d4 Bb6 6. O-O d6 7. a4 a6 8. h3 Nf6 9. Re1
C54	Italian Game: Classical Variation	1. e4 e5 2. Nf3 Nc6 3. Bc4 Bc5 4. c3 Nf6
C54	Italian Game: Classical Variation, Center Attack	1. e4 e5 2. Nf3 Nc6 3. Bc4 Bc5 4. c3 Nf6 5. d4
C54	Italian Game: Classical Variation, Ghulam-Kassim Variation	1. e4 e5 2. Nf3 Nc6 3. Bc4 Bc5 4. c3 Nf6 5. d4 exd4 6. e5 Ne4 7. Bd5 Nxf2 8. Kxf2 dxc3+ 9. Kg3
C54	Italian Game: Classical Variation, Giuoco Pianissimo	1. e4 e5 2. Nf3 Nc6 3. Bc4 Bc5 4. c3 Nf6 5. d3
C54	Italian Game: Classical Variation, Giuoco Pianissimo	1. e4 e5 2. Nf3 Nc6 3. Bc4 Bc5 4. c3 Nf6 5. d3 d6
C54	Italian Game: Classical Variation, Giuoco Pianissimo	1. e4 e5 2. Nf3 Nc6 3. Bc4 Bc5 4. c3 Nf6 5. d3 d6 6. Nbd2 O-O 7. O-O
C54	Italian Game: Classical Variation, Giuoco Pianissimo	1. e4 e5 2. Nf3 Nc6 3. Bc4 Bc5 4. O-O Nf6 5. d3 h6 6. c3
C54	Italian Game: Classical Variation, Giuoco Pianissimo	1. e4 e5 2. Nf3 Nc6 3. Bc4 Bc5 4. O-O Nf6 5. d3 d6 6. c3 a6
C54	Italian Game: Classical Variation, Giuoco Pianissimo	1. e4 e5 2. Nf3 Nc6 3. Bc4 Bc5 4. O-O Nf6 5. d3 d6 6. c3 a6 7. a4
C54	Italian Game: Classical Variation, Giuoco Pianissimo	1. e4 e5 2. Nf3 Nc6 3. Bc4 Bc5 4. O-O Nf6 5. d3 d6 6. c3 a6 7. a4 Ba7
C54	Italian Game: Classical Variation, Giuoco Pianissimo	1. e4 e5 2. Nf3 Nc6 3. Bc4 Bc5 4. O-O Nf6 5. d3 d6 6. c3 a6 7. a4 O-O
C54	Italian Game: Classical Variation, Giuoco Pianissimo	1. e4 e5 2. Nf3 Nc6 3. Bc4 Bc5 4. O-O Nf6 5. d3 d6 6. c3 a6 7. Re1
C54	Italian Game: Classical Variation, Giuoco Pianissimo	1. e4 e5 2. Nf3 Nc6 3. Bc4 Bc5 4. O-O Nf6 5. d3 d6 6. c3 a6 7. Re1 Ba7
C54	Italian Game: Classical Variation, Giuoco Pianissimo	1. e4 e5 2. Nf3 Nc6 3. Bc4 Bc5 4. O-O Nf6 5. d3 d6 6. c3 h6 7. Re1
C54	Italian Game: Classical Variation, Giuoco Pianissimo	1. e4 e5 2. Nf3 Nc6 3. Bc4 Bc5 4. O-O Nf6 5. d3 d6 6. c3 h6 7. Nbd2
C54	Italian Game: Classical Variation, Giuoco Pianissimo, Albin Variation	1. e4 e5 2. Nf3 Nc6 3. Bc4 Bc5 4. c3 Nf6 5. d3 d6 6. b4
C54	Italian Game: Classical Variation, Giuoco Pianissimo, Main Line	1. e4 e5 2. Nf3 Nc6 3. Bc4 Bc5 4. c3 Nf6 5. d3 d6 6. O-O O-O 7. Re1 a6 8. Bb3 Ba7 9. h3
C54	Italian Game: Classical Variation, Giuoco Pianissimo, with a4 a5	1. e4 e5 2. Nf3 Nc6 3. Bc4 Bc5 4. c3 Nf6 5. d3 d6 6. O-O O-O 7. a4 a5
C54	Italian Game: Classical Variation, Giuoco Pianissimo, with a5	1. e4 e5 2. Nf3 Nc6 3. Bc4 Bc5 4. O-O Nf6 5. d3 a5 6. c3
C54	Italian Game: Classical Variation, Giuoco Pianissimo, with a6	1. e4 e5 2. Nf3 Nc6 3. Bc4 Bc5 4. c3 Nf6 5. d3 a6
C54	Italian Game: Classical Variation, Giuoco Pianissimo, with a6	1. e4 e5 2. Nf3 Nc6 3. Bc4 Bc5 4. c3 Nf6 5. d3 d6 6. Nbd2 a6
C54	Italian Game: Classical Variation, Giuoco Pianissimo, with h6	1. e4 e5 2. Nf3 Nc6 3. Bc4 Bc5 4. O-O Nf6 5. d3 d6 6. c3 h6
C54	Italian Game: Classical Variation, Greco Gambit	1. e4 e5 2. Nf3 Nc6 3. d4 exd4 4. Bc4 Bc5 5. c3 Nf6 6. e5 d5
C54	Italian Game: Classical Variation, Greco Gambit, Anderssen Variation	1. e4 e5 2. Nf3 Nc6 3. Bc4 Bc5 4. c3 Nf6 5. d4 exd4 6. e5 d5 7. Bb5 Ne4 8. cxd4 Bb4+
C54	Italian Game: Classical Variation, Greco Gambit, Greco Variation	1. e4 e5 2. Nf3 Nc6 3. Bc4 Bc5 4. c3 Nf6 5. d4 exd4 6. cxd4 Bb4+ 7. Nc3 Nxe4 8. O-O Nxc3
C54	Italian Game: Classical Variation, Greco Gambit, Main Line	1. e4 e5 2. Nf3 Nc6 3. Bc4 Bc5 4. c3 Nf6 5. d4 exd4 6. cxd4 Bb4+ 7. Nc3 Nxe4 8. O-O Bxc3
C54	Italian Game: Classical Variation, Greco Gambit, Moeller-Bayonet Attack	1. e4 e5 2. Nf3 Nc6 3. Bc4 Bc5 4. c3 Nf6 5. d4 exd4 6. cxd4 Bb4+ 7. Nc3 Nxe4 8. O-O Bxc3 9. d5 Bf6 10. Re1 Ne7 11. Rxe4 d6 12. g4
C54	Italian Game: Classical Variation, Greco Gambit, Moeller-Therkatz Attack	1. e4 e5 2. Nf3 Nc6 3. Bc4 Bc5 4. c3 Nf6 5. d4 exd4 6. cxd4 Bb4+ 7. Nc3 Nxe4 8. O-O Bxc3 9. d5
C54	Italian Game: Classical Variation, Greco Gambit, Traditional Line	1. e4 e5 2. Nf3 Nc6 3. Bc4 Bc5 4. c3 Nf6 5. d4 exd4 6. cxd4
C54	Italian Game: Giuoco Piano, Aitken Variation	1. e4 e5 2. Nf3 Nc6 3. Bc4 Bc5 4. c3 Nf6 5. d4 exd4 6. cxd4 Bb4+ 7. Nc3 Nxe4 8. O-O Nxc3 9. bxc3 Bxc3 10. Ba3
C54	Italian Game: Giuoco Piano, Bernstein Variation	1. e4 e5 2. Nf3 Nc6 3. Bc4 Bc5 4. c3 Nf6 5. d4 exd4 6. cxd4 Bb4+ 7. Nc3 Nxe4 8. O-O Nxc3 9. bxc3 Bxc3 10. Qb3 d5
C54	Italian Game: Giuoco Piano, Cracow Variation	1. e4 e5 2. Nf3 Nc6 3. Bc4 Bc5 4. c3 Nf6 5. d4 exd4 6. cxd4 Bb4+ 7. Kf1
C54	Italian Game: Giuoco Piano, Greco's Attack	1. e4 e5 2. Nf3 Nc6 3. Bc4 Bc5 4. c3 Nf6 5. d4 exd4 6. cxd4 Bb4+ 7. Nc3
C54	Italian Game: Giuoco Piano, Holzhausen Attack	1. e4 e5 2. Nf3 Nc6 3. Bc4 Nf6 4. O-O Bc5 5. d4 Bxd4 6. Nxd4 Nxd4 7. Bg5 d6 8. f4 Qe7 9. fxe5 dxe5 10. Nc3
C54	Italian Game: Giuoco Piano, Krause Variation	1. e4 e5 2. Nf3 Nc6 3. Bc4 Bc5 4. c3 Nf6 5. d4 exd4 6. cxd4 Bb4+ 7. Bd2 Nxe4 8. Bxb4 Nxb4 9. Bxf7+ Kxf7 10. Qb3+ d5 11. Ne5+ Kf6 12. f3
C54	Italian Game: Giuoco Piano, Rosentreter Variation	1. e4 e5 2. Nf3 Nc6 3. Bc4 Nf6 4. O-O Bc5 5. d4 Bxd4 6. Nxd4 Nxd4 7. Bg5 h6 8. Bh4 g5 9. f4
C54	Italian Game: Giuoco Piano, Steinitz Variation	1. e4 e5 2. Nf3 Nc6 3. Bc4 Bc5 4. c3 Nf6 5. d4 exd4 6. cxd4 Bb4+ 7. Nc3 Nxe4 8. O-O Bxc3 9. bxc3 d5 10. Ba3
C54	Italian Game: Giuoco Piano, Therkatz-Herzog Variation	1. e4 e5 2. Nf3 Nc6 3. Bc4 Bc5 4. c3 Nf6 5. d4 exd4 6. cxd4 Bb4+ 7. Nc3 Nxe4 8. O-O Bxc3 9. d5 Bf6 10. Re1 Ne7 11. Rxe4 d6 12. Bg5 Bxg5 13. Nxg5 O-O 14. Nxh7
C55	Italian Game: Two Knights Defense	1. e4 e5 2. Nf3 Nc6 3. Bc4 Nf6
C55	Italian Game: Two Knights Defense	1. e4 e5 2. Nf3 Nc6 3. Bc4 Nf6 4. O-O Bc5 5. d4 Bxd4 6. Nxd4 Nxd4 7. Bg5 d6
C55	Italian Game: Two Knights Defense	1. e4 e5 2. Nf3 Nc6 3. Bc4 Nf6 4. Nc3 Nxe4 5. Nxe4 d5
C55	Italian Game: Two Knights Defense, Modern Bishop's Opening	1. e4 e5 2. Nf3 Nc6 3. Bc4 Nf6 4. d3
C55	Italian Game: Two Knights Defense, Modern Bishop's Opening	1. e4 e5 2. Nf3 Nc6 3. Bc4 Nf6 4. d3 Be7
C56	Italian Game: Scotch Gambit	1. e4 e5 2. Nf3 Nc6 3. Bc4 Nf6 4. d4 exd4 5. O-O
C56	Italian Game: Scotch Gambit, Anderssen Attack	1. e4 e5 2. Nf3 Nc6 3. Bc4 Nf6 4. d4 exd4 5. O-O Nxe4 6. Re1 d5 7. Bxd5 Qxd5 8. Nc3
C56	Italian Game: Scotch Gambit, Anderssen Attack, Main Line	1. e4 e5 2. Nf3 Nc6 3. Bc4 Nf6 4. d4 exd4 5. O-O Nxe4 6. Re1 d5 7. Bxd5 Qxd5 8. Nc3 Qa5 9. Nxe4 Be6 10. Bd2 Qd5 11. Bg5
C56	Italian Game: Scotch Gambit, Canal Variation	1. e4 e5 2. Nf3 Nc6 3. d4 exd4 4. Bc4 Nf6 5. O-O Nxe4 6. Re1 d5 7. Nc3
C56	Italian Game: Scotch Gambit, Double Gambit Accepted	1. e4 e5 2. Nf3 Nc6 3. Bc4 Nf6 4. d4 exd4 5. O-O Nxe4
C56	Italian Game: Scotch Gambit, Janowski Defense	1. e4 e5 2. Nf3 Nc6 3. d4 exd4 4. Bc4 Nf6 5. O-O d6
C56	Italian Game: Scotch Gambit, Max Lange Attack	1. e4 e5 2. Nf3 Nc6 3. d4 exd4 4. Bc4 Nf6 5. O-O Bc5
C56	Italian Game: Scotch Gambit, Max Lange Attack	1. e4 e5 2. Nf3 Nc6 3. Bc4 Nf6 4. d4 exd4 5. e5 d5 6. Bb5 Ne4
C56	Italian Game: Scotch Gambit, Max Lange Attack Accepted	1. e4 e5 2. Nf3 Nc6 3. Bc4 Bc5 4. O-O Nf6 5. d4 exd4 6. e5 d5 7. exf6 dxc4 8. Re1+ Be6 9. fxg7
C56	Italian Game: Scotch Gambit, Max Lange Attack, Long Variation	1. e4 e5 2. Nf3 Nc6 3. d4 exd4 4. Bc4 Nf6 5. O-O Bc5 6. e5 d5 7. exf6 dxc4 8. Re1+ Be6 9. Ng5 Qd5 10. Nc3 Qf5 11. Nce4
C56	Italian Game: Scotch Gambit, Max Lange Attack, Spielmann Defense	1. e4 e5 2. Nf3 Nc6 3. d4 exd4 4. Bc4 Nf6 5. O-O Bc5 6. e5 Ng4
C56	Italian Game: Scotch Gambit, Nakhmanson Gambit	1. e4 e5 2. Nf3 Nc6 3. Bc4 Nf6 4. d4 exd4 5. O-O Nxe4 6. Nc3
C56	Italian Game: Scotch Gambit, Walbrodt-Baird Gambit	1. e4 e5 2. Nf3 Nc6 3. Bc4 Bc5 4. c3 Nf6 5. d4 exd4 6. O-O
C56	Italian Game: Scotch Gambit, de Riviere Defense	1. e4 e5 2. Nf3 Nc6 3. d4 exd4 4. Bc4 Nf6 5. O-O Be7
C56	Italian Game: Scotch Invitation Declined	1. e4 e5 2. Nf3 Nc6 3. Bc4 Nf6 4. d4 d6
C56	Italian Game: Two Knights Defense, Keidansky Variation	1. e4 e5 2. Nf3 Nc6 3. Bc4 Nf6 4. d4 exd4 5. e5 d5 6. Bb5 Ne4 7. Nxd4 Bc5 8. Nxc6 Bxf2+ 9. Kf1 Qh4
C56	Italian Game: Two Knights Defense, Max Lange Attack	1. e4 e5 2. Nf3 Nc6 3. d4 exd4 4. Bc4 Nf6 5. O-O Bc5 6. e5
C56	Italian Game: Two Knights Defense, Max Lange Attack, Berger Variation	1. e4 e5 2. Nf3 Nc6 3. Bc4 Nf6 4. d4 exd4 5. O-O Bc5 6. e5 d5 7. exf6 dxc4 8. Re1+ Be6 9. Ng5 Qd5 10. Nc3 Qf5 11. g4 Qg6 12. Nce4 Bb6 13. f4 O-O-O
C56	Italian Game: Two Knights Defense, Max Lange Attack, Krause Variation	1. e4 e5 2. Nf3 Nc6 3. Bc4 Nf6 4. d4 exd4 5. O-O Bc5 6. e5 Ng4 7. c3
C56	Italian Game: Two Knights Defense, Max Lange Attack, Loman Defense	1. e4 e5 2. Nf3 Nc6 3. d4 exd4 4. Bc4 Bc5 5. O-O Nf6 6. e5 d5 7. exf6 dxc4 8. Re1+ Be6 9. Ng5 g6
C56	Italian Game: Two Knights Defense, Max Lange Attack, Rubinstein Variation	1. e4 e5 2. Nf3 Nc6 3. Bc4 Nf6 4. d4 exd4 5. O-O Bc5 6. e5 d5 7. exf6 dxc4 8. Re1+ Be6 9. Ng5 Qd5 10. Nc3 Qf5 11. Nce4 Bf8
C56	Italian Game: Two Knights Defense, Open Variation	1. e4 e5 2. Nf3 Nc6 3. Bc4 Nf6 4. d4
C56	Italian Game: Two Knights Defense, Perreux Variation	1. e4 e5 2. Nf3 Nc6 3. Bc4 Nf6 4. d4 exd4 5. Ng5
C56	Italian Game: Two Knights Defense, Yurdansky Attack	1. e4 e5 2. Nf3 Nc6 3. d4 exd4 4. Bc4 Nf6 5. O-O Nxe4 6. Re1 d5 7. Bxd5 Qxd5 8. Nc3 Qa5 9. Nxe4 Be6 10. Bg5 h6 11. Bh4 g5 12. Nf6+ Ke7 13. b4
C57	Italian Game: Two Knights Defense, Fegatello Attack, Leonhardt Variation	1. e4 e5 2. Nf3 Nc6 3. Bc4 Nf6 4. Ng5 d5 5. exd5 Nxd5 6. Nxf7 Kxf7 7. Qf3+ Ke6 8. Nc3 Nb4 9. Qe4 c6 10. a3 Na6 11. d4 Nc7
C57	Italian Game: Two Knights Defense, Fried Liver Attack	1. e4 e5 2. Nf3 Nc6 3. Bc4 Nf6 4. Ng5 d5 5. exd5 Nxd5 6. Nxf7
C57	Italian Game: Two Knights Defense, Fritz Variation	1. e4 e5 2. Nf3 Nc6 3. Bc4 Nf6 4. Ng5 d5 5. exd5 Nd4
C57	Italian Game: Two Knights Defense, Fritz, Gruber Variation	1. e4 e5 2. Nf3 Nc6 3. Bc4 Nf6 4. Ng5 d5 5. exd5 Nd4 6. c3 b5 7. Bf1 Nxd5 8. Ne4
C57	Italian Game: Two Knights Defense, Kloss Gambit	1. e4 e5 2. Nf3 Nc6 3. Bc4 Nf6 4. Ng5 d5 5. exd5 Nb4
C57	Italian Game: Two Knights Defense, Knight Attack	1. e4 e5 2. Nf3 Nc6 3. Bc4 Nf6 4. Ng5
C57	Italian Game: Two Knights Defense, Knight Attack, Normal Variation	1. e4 e5 2. Nf3 Nc6 3. Bc4 Nf6 4. Ng5 d5
C57	Italian Game: Two Knights Defense, Lolli Attack	1. e4 e5 2. Nf3 Nc6 3. Bc4 Nf6 4. Ng5 d5 5. exd5 Nxd5 6. d4
C57	Italian Game: Two Knights Defense, Pincus Variation	1. e4 e5 2. Nf3 Nc6 3. Bc4 Nf6 4. Ng5 d5 5. exd5 Nxd5 6. d4 Bb4+
C57	Italian Game: Two Knights Defense, Ponziani-Steinitz Gambit	1. e4 e5 2. Nf3 Nc6 3. Bc4 Nf6 4. Ng5 Nxe4
C57	Italian Game: Two Knights Defense, Traxler Counterattack	1. e4 e5 2. Nf3 Nc6 3. Bc4 Nf6 4. Ng5 Bc5
C57	Italian Game: Two Knights Defense, Traxler Counterattack, Bishop Sacrifice Line	1. e4 e5 2. Nf3 Nc6 3. Bc4 Nf6 4. Ng5 Bc5 5. Bxf7+
C57	Italian Game: Two Knights Defense, Traxler Counterattack, King March Line	1. e4 e5 2. Nf3 Nc6 3. Bc4 Nf6 4. Ng5 Bc5 5. Nxf7 Bxf2+ 6. Kxf2 Nxe4+ 7. Ke3
C57	Italian Game: Two Knights Defense, Traxler Counterattack, Knight Sacrifice Line	1. e4 e5 2. Nf3 Nc6 3. Bc4 Nf6 4. Ng5 Bc5 5. Nxf7
C57	Italian Game: Two Knights Defense, Traxler Variation, Trencianske-Teplice Gambit	1. e4 e5 2. Nf3 Nc6 3. Bc4 Nf6 4. Ng5 Bc5 5. Bxf7+ Ke7 6. d4
C57	Italian Game: Two Knights Defense, Ulvestad Variation	1. e4 e5 2. Nf3 Nc6 3. Bc4 Nf6 4. Ng5 d5 5. exd5 b5
C57	Italian Game: Two Knights Defense, Ulvestad Variation, Kurkin Gambit	1. e4 e5 2. Nf3 Nc6 3. Bc4 Nf6 4. Ng5 d5 5. exd5 b5 6. Bf1 h6 7. Nxf7
C58	Italian Game: Two Knights Defense	1. e4 e5 2. Nf3 Nc6 3. Bc4 Nf6 4. Ng5 d5 5. exd5 Na5 6. Bb5+ c6 7. dxc6 bxc6 8. Be2
C58	Italian Game: Two Knights Defense, Blackburne Variation	1. e4 e5 2. Nf3 Nc6 3. Bc4 Nf6 4. Ng5 d5 5. exd5 Na5 6. Bb5+ c6 7. dxc6 bxc6 8. Qf3 cxb5
C58	Italian Game: Two Knights Defense, Colman Variation	1. e4 e5 2. Nf3 Nc6 3. Bc4 Nf6 4. Ng5 d5 5. exd5 Na5 6. Bb5+ c6 7. dxc6 bxc6 8. Qf3 Rb8
C58	Italian Game: Two Knights Defense, Maróczy Variation	1. e4 e5 2. Nf3 Nc6 3. Bc4 Nf6 4. Ng5 d5 5. exd5 Na5 6. d3 h6 7. Nf3 e4 8. Qe2 Nxc4 9. dxc4 Be7
C58	Italian Game: Two Knights Defense, Paoli Variation	1. e4 e5 2. Nf3 Nc6 3. Bc4 Nf6 4. Ng5 d5 5. exd5 Na5 6. Bb5+ c6 7. dxc6 bxc6 8. Qf3 Qc7 9. Bd3
C58	Italian Game: Two Knights Defense, Polerio Defense	1. e4 e5 2. Nf3 Nc6 3. Bc4 Nf6 4. Ng5 d5 5. exd5 Na5
C58	Italian Game: Two Knights Defense, Polerio Defense, Bishop Check Line	1. e4 e5 2. Nf3 Nc6 3. Bc4 Nf6 4. Ng5 d5 5. exd5 Na5 6. Bb5+
C58	Italian Game: Two Knights Defense, Polerio Defense, Bogoljubow Variation	1. e4 e5 2. Nf3 Nc6 3. Bc4 Nf6 4. Ng5 d5 5. exd5 Na5 6. Bb5+ c6 7. dxc6 bxc6 8. Qf3
C58	Italian Game: Two Knights Defense, Polerio Defense, Kieseritzky Variation	1. e4 e5 2. Nf3 Nc6 3. Bc4 Nf6 4. Ng5 d5 5. exd5 Na5 6. d3
C58	Italian Game: Two Knights Defense, Polerio Defense, Yankovich Variation	1. e4 e5 2. Nf3 Nc6 3. Bc4 Nf6 4. Ng5 d5 5. exd5 Na5 6. d3 h6 7. Nf3 e4 8. Qe2 Nxc4 9. dxc4 Bc5 10. Nfd2
C59	Italian Game: Two Knights Defense, Knorre Variation	1. e4 e5 2. Nf3 Nc6 3. Bc4 Nf6 4. Ng5 d5 5. exd5 Na5 6. Bb5+ c6 7. dxc6 bxc6 8. Be2 h6 9. Nf3 e4 10. Ne5 Bd6 11. d4 Qc7 12. Bd2
C59	Italian Game: Two Knights Defense, Polerio Defense, Göring Variation	1. e4 e5 2. Nf3 Nc6 3. Bc4 Nf6 4. Ng5 d5 5. exd5 Na5 6. Bb5+ c6 7. dxc6 bxc6 8. Be2 h6 9. Nf3 e4 10. Ne5 Qc7
C59	Italian Game: Two Knights Defense, Polerio Defense, Suhle Defense	1. e4 e5 2. Nf3 Nc6 3. Bc4 Nf6 4. Ng5 d5 5. exd5 Na5 6. Bb5+ c6 7. dxc6 bxc6 8. Be2 h6
C59	Italian Game: Two Knights Defense, Steinitz Variation	1. e4 e5 2. Nf3 Nc6 3. Bc4 Nf6 4. Ng5 d5 5. exd5 Na5 6. Bb5+ c6 7. dxc6 bxc6 8. Be2 h6 9. Nh3
C60	Ruy Lopez	1. e4 e5 2. Nf3 Nc6 3. Bb5
C60	Ruy Lopez: Alapin Defense	1. e4 e5 2. Nf3 Nc6 3. Bb5 Bb4
C60	Ruy Lopez: Alapin Defense, Alapin Gambit	1. e4 e5 2. Nf3 Nc6 3. Bb5 Bb4 4. c3 Ba5 5. Bxc6 dxc6
C60	Ruy Lopez: Brentano Gambit	1. e4 e5 2. Nf3 Nc6 3. Bb5 g5
C60	Ruy Lopez: Bulgarian Variation	1. e4 e5 2. Nf3 Nc6 3. Bb5 a5
C60	Ruy Lopez: Cozio Defense	1. e4 e5 2. Nf3 Nc6 3. Bb5 Nge7
C60	Ruy Lopez: Cozio Defense, Paulsen Variation	1. e4 e5 2. Nf3 Nc6 3. Bb5 Nge7 4. Nc3 g6
C60	Ruy Lopez: Cozio Defense, Tartakower Gambit	1. e4 e5 2. Nf3 Nc6 3. Bb5 g6 4. d4 exd4 5. Nxd4 Bg7 6. Be3 Nge7 7. Nc3 O-O 8. Qd2 d5
C60	Ruy Lopez: Fianchetto Defense	1. e4 e5 2. Nf3 Nc6 3. Bb5 g6
C60	Ruy Lopez: Fianchetto Defense, Kevitz Gambit	1. e4 e5 2. Nf3 Nc6 3. Bb5 g6 4. c3 f5
C60	Ruy Lopez: Lucena Variation	1. e4 e5 2. Nf3 Nc6 3. Bb5 Be7
C60	Ruy Lopez: Nürnberg Variation	1. e4 e5 2. Nf3 Nc6 3. Bb5 f6
C60	Ruy Lopez: Pollock Defense	1. e4 e5 2. Nf3 Nc6 3. Bb5 Na5
C60	Ruy Lopez: Retreat Variation	1. e4 e5 2. Nf3 Nc6 3. Bb5 Nb8
C60	Ruy Lopez: Rotary-Albany Gambit	1. e4 e5 2. Nf3 Nc6 3. Bb5 b6
C60	Ruy Lopez: Spanish Countergambit	1. e4 e5 2. Nf3 Nc6 3. Bb5 d5
C60	Ruy Lopez: Spanish Countergambit, Harding Countergambit, Fricke Gambit	1. e4 e5 2. Nf3 Nc6 3. Bb5 d5 4. Nxe5 Qg5 5. O-O
C60	Ruy Lopez: Spanish Countergambit, Harding Gambit	1. e4 e5 2. Nf3 Nc6 3. Bb5 d5 4. Nxe5 Qg5 5. Nxc6
C60	Ruy Lopez: Vinogradov Variation	1. e4 e5 2. Nf3 Nc6 3. Bb5 Qe7
C61	Ruy Lopez: Bird Variation	1. e4 e5 2. Nf3 Nc6 3. Bb5 Nd4
C61	Ruy Lopez: Bird Variation, Paulsen Variation	1. e4 e5 2. Nf3 Nc6 3. Bb5 Nd4 4. Nxd4 exd4 5. O-O Ne7
C62	Ruy Lopez: Old Steinitz Defense, Semi-Duras Variation	1. e4 e5 2. Nf3 Nc6 3. Bb5 d6 4. d4 Bd7 5. c4
C62	Ruy Lopez: Steinitz Defense	1. e4 e5 2. Nf3 Nc6 3. Bb5 d6
C62	Ruy Lopez: Steinitz Defense, Center Gambit	1. e4 e5 2. Nf3 Nc6 3. Bb5 d6 4. d4 exd4 5. O-O
C62	Ruy Lopez: Steinitz Defense, Nimzowitsch Attack	1. e4 e5 2. Nf3 Nc6 3. Bb5 d6 4. d4 Bd7 5. Nc3 Nf6 6. Bxc6
C63	Ruy Lopez: Schliemann Defense	1. e4 e5 2. Nf3 Nc6 3. Bb5 f5
C63	Ruy Lopez: Schliemann Defense, Classical Variation	1. e4 e5 2. Nf3 Nc6 3. Bb5 f5 4. Nc3 fxe4 5. Nxe4 d5 6. Nxe5 dxe4 7. Nxc6 Qg5
C63	Ruy Lopez: Schliemann Defense, Dyckhoff Variation	1. e4 e5 2. Nf3 Nc6 3. Bb5 f5 4. Nc3
C63	Ruy Lopez: Schliemann Defense, Exchange Variation	1. e4 e5 2. Nf3 Nc6 3. Bb5 f5 4. Bxc6
C63	Ruy Lopez: Schliemann Defense, Jaenisch Gambit Accepted	1. e4 e5 2. Nf3 Nc6 3. Bb5 f5 4. exf5
C63	Ruy Lopez: Schliemann Defense, Kostić Defense	1. e4 e5 2. Nf3 Nc6 3. Bb5 f5 4. Nc3 fxe4 5. Nxe4 Be7
C63	Ruy Lopez: Schliemann Defense, Möhring Variation	1. e4 e5 2. Nf3 Nc6 3. Bb5 f5 4. Nc3 fxe4 5. Nxe4 d5 6. Nxe5 dxe4 7. Nxc6 Qd5
C63	Ruy Lopez: Schliemann Defense, Schönemann Attack	1. e4 e5 2. Nf3 Nc6 3. Bb5 f5 4. d4
C63	Ruy Lopez: Schliemann Defense, Tartakower Variation	1. e4 e5 2. Nf3 Nc6 3. Bb5 f5 4. Nc3 fxe4 5. Nxe4 Nf6
C64	Ruy Lopez: Classical Defense, Benelux Variation	1. e4 e5 2. Nf3 Nc6 3. Bb5 Nf6 4. O-O Bc5 5. c3 O-O 6. d4 Bb6
C64	Ruy Lopez: Classical Defense, Boden Variation	1. e4 e5 2. Nf3 Nc6 3. Bb5 Bc5 4. c3 Qe7
C64	Ruy Lopez: Classical Defense, Zaitsev Variation	1. e4 e5 2. Nf3 Nc6 3. Bb5 Bc5 4. O-O Nd4 5. b4
C64	Ruy Lopez: Classical Variation	1. e4 e5 2. Nf3 Nc6 3. Bb5 Bc5
C64	Ruy Lopez: Classical Variation, Central Variation	1. e4 e5 2. Nf3 Nc6 3. Bb5 Bc5 4. c3
C64	Ruy Lopez: Classical Variation, Charousek Variation	1. e4 e5 2. Nf3 Nc6 3. Bb5 Bc5 4. c3 Bb6
C64	Ruy Lopez: Classical Variation, Cordel Gambit	1. e4 e5 2. Nf3 Nc6 3. Bb5 Bc5 4. c3 f5
C64	Ruy Lopez: Classical Variation, Konikowski Gambit	1. e4 e5 2. Nf3 Nc6 3. Bb5 Bc5 4. c3 d5
C64	Ruy Lopez: Classical Variation, Modern Main Line	1. e4 e5 2. Nf3 Nc6 3. Bb5 Nf6 4. O-O Bc5 5. c3 O-O 6. d4 Bb6 7. Bg5
C64	Ruy Lopez: Classical Variation, Spanish Wing Gambit	1. e4 e5 2. Nf3 Nc6 3. Bb5 Bc5 4. b4
C65	Ruy Lopez: Berlin Defense	1. e4 e5 2. Nf3 Nc6 3. Bb5 Nf6
C65	Ruy Lopez: Berlin Defense	1. e4 e5 2. Nf3 Nc6 3. Bb5 Nf6 4. O-O
C65	Ruy Lopez: Berlin Defense, Anderssen Variation	1. e4 e5 2. Nf3 Nc6 3. Bb5 Nf6 4. d3 d6 5. Bxc6+
C65	Ruy Lopez: Berlin Defense, Beverwijk Variation	1. e4 e5 2. Nf3 Nc6 3. Bb5 Nf6 4. O-O Bc5
C65	Ruy Lopez: Berlin Defense, Duras Variation	1. e4 e5 2. Nf3 Nc6 3. Bb5 Nf6 4. d3 d6 5. c4
C65	Ruy Lopez: Berlin Defense, Fishing Pole Variation	1. e4 e5 2. Nf3 Nc6 3. Bb5 Nf6 4. O-O Ng4
C65	Ruy Lopez: Berlin Defense, Kaufmann Variation	1. e4 e5 2. Nf3 Nc6 3. Bb5 Nf6 4. d3 Bc5 5. Be3
C65	Ruy Lopez: Berlin Defense, Mortimer Trap	1. e4 e5 2. Nf3 Nc6 3. Bb5 Nf6 4. d3 Ne7 5. Nxe5 c6
C65	Ruy Lopez: Berlin Defense, Mortimer Variation	1. e4 e5 2. Nf3 Nc6 3. Bb5 Nf6 4. d3 Ne7
C65	Ruy Lopez: Berlin Defense, Nyholm Attack	1. e4 e5 2. Nf3 Nc6 3. Bb5 Nf6 4. d4 exd4 5. O-O
C65	Ruy Lopez: Classical Variation, Zukertort Gambit	1. e4 e5 2. Nf3 Nc6 3. Bb5 Nf6 4. O-O Bc5 5. c3
C65	Ruy Lopez: Halloween Attack	1. e4 e5 2. Nf3 Nc6 3. Bb5 Nf6 4. Nxe5
C66	Ruy Lopez: Berlin Defense, Closed Bernstein Variation	1. e4 e5 2. Nf3 Nc6 3. Bb5 Nf6 4. O-O d6 5. d4 Bd7 6. Nc3 Be7 7. Bg5
C66	Ruy Lopez: Berlin Defense, Closed Showalter Variation	1. e4 e5 2. Nf3 Nc6 3. Bb5 Nf6 4. O-O d6 5. d4 Bd7 6. Nc3 Be7 7. Bxc6
C66	Ruy Lopez: Berlin Defense, Closed Wolf Variation	1. e4 e5 2. Nf3 Nc6 3. Bb5 Nf6 4. O-O d6 5. d4 Bd7 6. Nc3 exd4
C66	Ruy Lopez: Berlin Defense, Hedgehog Variation	1. e4 e5 2. Nf3 Nc6 3. Bb5 Nf6 4. O-O d6 5. d4 Bd7 6. Nc3 Be7
C66	Ruy Lopez: Berlin Defense, Improved Steinitz Defense	1. e4 e5 2. Nf3 Nc6 3. Bb5 Nf6 4. O-O d6
C66	Ruy Lopez: Berlin Defense, Tarrasch Trap	1. e4 e5 2. Nf3 Nc6 3. Bb5 d6 4. d4 Bd7 5. Nc3 Nf6 6. O-O Be7 7. Re1 O-O
C66	Ruy Lopez: Closed Berlin Defense, Chigorin Variation	1. e4 e5 2. Nf3 Nc6 3. Bb5 Nf6 4. O-O d6 5. d4 Nd7
C67	Ruy Lopez: Berlin Defense, Berlin Wall	1. e4 e5 2. Nf3 Nc6 3. Bb5 Nf6 4. O-O Nxe4 5. d4 Nd6 6. Bxc6 dxc6 7. dxe5 Nf5 8. Qxd8+ Kxd8 9. Nc3 Bd7
C67	Ruy Lopez: Berlin Defense, Cordel Variation	1. e4 e5 2. Nf3 Nc6 3. Bb5 Nf6 4. O-O Nxe4 5. d4 Be7 6. Qe2 Nd6 7. Bxc6 bxc6 8. dxe5 Nf5
C67	Ruy Lopez: Berlin Defense, Minckwitz Variation	1. e4 e5 2. Nf3 Nc6 3. Bb5 Nf6 4. O-O Nxe4 5. d4 Be7 6. dxe5
C67	Ruy Lopez: Berlin Defense, Pillsbury Variation	1. e4 e5 2. Nf3 Nc6 3. Bb5 Nf6 4. O-O Nxe4 5. d4 Be7 6. Qe2 Nd6 7. Bxc6 bxc6 8. dxe5 Nb7 9. b3
C67	Ruy Lopez: Berlin Defense, Rio Gambit Accepted	1. e4 e5 2. Nf3 Nc6 3. Bb5 Nf6 4. O-O Nxe4
C67	Ruy Lopez: Berlin Defense, Rio de Janeiro Variation	1. e4 e5 2. Nf3 Nc6 3. Bb5 Nf6 4. O-O Nxe4 5. d4 Be7
C67	Ruy Lopez: Berlin Defense, Rio de Janeiro Variation	1. e4 e5 2. Nf3 Nc6 3. Bb5 Nf6 4. O-O Nxe4 5. d4 Be7 6. Qe2 Nd6 7. Bxc6 bxc6 8. dxe5 Nb7 9. Nc3 O-O 10. Re1 Nc5 11. Nd4 Ne6 12. Be3 Nxd4 13. Bxd4 c5
C67	Ruy Lopez: Berlin Defense, Rosenthal Variation	1. e4 e5 2. Nf3 Nc6 3. Bb5 Nf6 4. O-O Nxe4 5. d4 a6
C67	Ruy Lopez: Berlin Defense, Trifunovic Variation	1. e4 e5 2. Nf3 Nc6 3. Bb5 Nf6 4. O-O Nxe4 5. d4 Be7 6. Qe2 d5
C67	Ruy Lopez: Berlin Defense, Winawer Attack	1. e4 e5 2. Nf3 Nc6 3. Bb5 Nf6 4. O-O Nxe4 5. d4 Be7 6. Qe2 Nd6 7. Bxc6 bxc6 8. dxe5 Nb7 9. Nd4
C67	Ruy Lopez: Berlin Defense, Zukertort Variation	1. e4 e5 2. Nf3 Nc6 3. Bb5 Nf6 4. O-O Nxe4 5. d4 Be7 6. Qe2 Nd6 7. Bxc6 bxc6 8. dxe5 Nb7 9. c4
C67	Ruy Lopez: Berlin Defense, l'Hermet Variation	1. e4 e5 2. Nf3 Nc6 3. Bb5 Nf6 4. O-O Nxe4 5. d4 Nd6
C67	Ruy Lopez: Berlin Defense, l'Hermet Variation, Berlin Wall Defense	1. e4 e5 2. Nf3 Nc6 3. Bb5 Nf6 4. O-O Nxe4 5. d4 Nd6 6. Bxc6 dxc6 7. dxe5 Nf5 8. Qxd8+ Kxd8
C67	Ruy Lopez: Berlin Defense, l'Hermet Variation, Westerinen Line	1. e4 e5 2. Nf3 Nc6 3. Bb5 Nf6 4. O-O Nxe4 5. d4 Nd6 6. Bxc6 dxc6 7. dxe5 Ne4
C67	Ruy Lopez: Open Berlin Defense, Showalter Variation	1. e4 e5 2. Nf3 Nc6 3. Bb5 Nf6 4. O-O Nxe4 5. d4 Nd6 6. Ba4
C67	Ruy Lopez: Open Berlin Defense, l'Hermet Variation	1. e4 e5 2. Nf3 Nc6 3. Bb5 Nf6 4. O-O Nxe4 5. d4 Nd6 6. dxe5
C68	Ruy Lopez: Exchange Variation	1. e4 e5 2. Nf3 Nc6 3. Bb5 a6 4. Bxc6
C68	Ruy Lopez: Exchange Variation, Alekhine Variation	1. e4 e5 2. Nf3 Nc6 3. Bb5 a6 4. Bxc6 dxc6 5. d4 exd4 6. Qxd4 Qxd4 7. Nxd4 Bd6
C68	Ruy Lopez: Exchange Variation, Keres Variation	1. e4 e5 2. Nf3 Nc6 3. Bb5 a6 4. Bxc6 dxc6 5. Nc3
C68	Ruy Lopez: Exchange Variation, Lutikov Variation	1. e4 e5 2. Nf3 Nc6 3. Bb5 a6 4. Bxc6 bxc6
C68	Ruy Lopez: Exchange Variation, Romanovsky Variation	1. e4 e5 2. Nf3 Nc6 3. Bb5 a6 4. Bxc6 dxc6 5. Nc3 f6 6. d3
C68	Ruy Lopez: Exchange, Alekhine Variation	1. e4 e5 2. Nf3 Nc6 3. Bb5 a6 4. Bxc6 dxc6 5. d4 exd4 6. Qxd4 Qxd4 7. Nxd4 Bd7
C69	Ruy Lopez: Exchange Variation, Alapin Gambit	1. e4 e5 2. Nf3 Nc6 3. Bb5 a6 4. Bxc6 dxc6 5. O-O Bg4 6. h3 h5
C69	Ruy Lopez: Exchange Variation, Bronstein Variation	1. e4 e5 2. Nf3 Nc6 3. Bb5 a6 4. Bxc6 dxc6 5. O-O Qd6
C69	Ruy Lopez: Exchange Variation, Gligoric Variation	1. e4 e5 2. Nf3 Nc6 3. Bb5 a6 4. Bxc6 dxc6 5. O-O f6
C69	Ruy Lopez: Exchange Variation, King's Bishop Variation	1. e4 e5 2. Nf3 Nc6 3. Bb5 a6 4. Bxc6 dxc6 5. O-O Bd6
C69	Ruy Lopez: Exchange Variation, Normal Variation	1. e4 e5 2. Nf3 Nc6 3. Bb5 a6 4. Bxc6 dxc6 5. O-O
C70	Ruy Lopez: Bird's Defense Deferred	1. e4 e5 2. Nf3 Nc6 3. Bb5 a6 4. Ba4 Nd4
C70	Ruy Lopez: Morphy Defense	1. e4 e5 2. Nf3 Nc6 3. Bb5 a6
C70	Ruy Lopez: Morphy Defense, Alapin's Defense Deferred	1. e4 e5 2. Nf3 Nc6 3. Bb5 a6 4. Ba4 Bb4
C70	Ruy Lopez: Morphy Defense, Caro Variation	1. e4 e5 2. Nf3 Nc6 3. Bb5 a6 4. Ba4 b5
C70	Ruy Lopez: Morphy Defense, Classical Defense Deferred	1. e4 e5 2. Nf3 Nc6 3. Bb5 a6 4. Ba4 Bc5
C70	Ruy Lopez: Morphy Defense, Cozio Defense	1. e4 e5 2. Nf3 Nc6 3. Bb5 a6 4. Ba4 Nge7
C70	Ruy Lopez: Morphy Defense, Fianchetto Defense Deferred	1. e4 e5 2. Nf3 Nc6 3. Bb5 a6 4. Ba4 g6
C70	Ruy Lopez: Morphy Defense, Graz Variation	1. e4 e5 2. Nf3 Nc6 3. Bb5 a6 4. Ba4 b5 5. Bb3 Bc5
C70	Ruy Lopez: Morphy Defense, Norwegian Variation	1. e4 e5 2. Nf3 Nc6 3. Bb5 a6 4. Ba4 b5 5. Bb3 Na5
C70	Ruy Lopez: Morphy Defense, Norwegian Variation, Nightingale Gambit	1. e4 e5 2. Nf3 Nc6 3. Bb5 a6 4. Ba4 b5 5. Bb3 Na5 6. Bxf7+
C70	Ruy Lopez: Morphy Defense, Schliemann Defense Deferred	1. e4 e5 2. Nf3 Nc6 3. Bb5 a6 4. Ba4 f5
C70	Ruy Lopez: Morphy Defense, Schliemann Defense Deferred, Jaenisch Gambit Deferred	1. e4 e5 2. Nf3 Nc6 3. Bb5 a6 4. Ba4 f5 5. exf5
C71	Ruy Lopez: Morphy Defense, Modern Steinitz Defense	1. e4 e5 2. Nf3 Nc6 3. Bb5 a6 4. Ba4 d6
C71	Ruy Lopez: Morphy Defense, Modern Steinitz Defense	1. e4 e5 2. Nf3 Nc6 3. Bb5 a6 4. Ba4 d6 5. Nc3
C71	Ruy Lopez: Morphy Defense, Modern Steinitz Defense	1. e4 e5 2. Nf3 Nc6 3. Bb5 a6 4. Ba4 d6 5. c4
C71	Ruy Lopez: Noah's Ark Trap	1. e4 e5 2. Nf3 Nc6 3. Bb5 a6 4. Ba4 b5 5. Bb3 d6 6. d4 Nxd4 7. Nxd4 exd4 8. Qxd4 c5
C72	Ruy Lopez: Closed, Kecskemet Variation	1. e4 e5 2. Nf3 Nc6 3. Bb5 a6 4. Ba4 d6 5. O-O Bd7 6. c3 Nf6 7. d4 Be7 8. Nbd2 O-O 9. Re1 Be8
C72	Ruy Lopez: Morphy Defense, Modern Steinitz Defense	1. e4 e5 2. Nf3 Nc6 3. Bb5 a6 4. Ba4 d6 5. O-O
C73	Ruy Lopez: Morphy Defense, Modern Steinitz Defense	1. e4 e5 2. Nf3 Nc6 3. Bb5 a6 4. Ba4 d6 5. Bxc6+ bxc6 6. d4
C73	Ruy Lopez: Morphy Defense, Modern Steinitz Defense	1. e4 e5 2. Nf3 Nc6 3. Bb5 a6 4. Ba4 d6 5. Bxc6+ bxc6 6. d4 f6
C74	Ruy Lopez: Morphy Defense, Modern Steinitz Defense	1. e4 e5 2. Nf3 Nc6 3. Bb5 a6 4. Ba4 d6 5. c3
C74	Ruy Lopez: Morphy Defense, Modern Steinitz Defense	1. e4 e5 2. Nf3 Nc6 3. Bb5 a6 4. Ba4 d6 5. c3 f5 6. exf5 Bxf5 7. O-O
C74	Ruy Lopez: Morphy Defense, Modern Steinitz Defense, Siesta Variation	1. e4 e5 2. Nf3 Nc6 3. Bb5 a6 4. Ba4 d6 5. c3 f5
C75	Ruy Lopez: Morphy Defense, Modern Steinitz Defense	1. e4 e5 2. Nf3 Nc6 3. Bb5 a6 4. Ba4 d6 5. c3 Bd7
C75	Ruy Lopez: Morphy Defense, Modern Steinitz Defense	1. e4 e5 2. Nf3 Nc6 3. Bb5 a6 4. Ba4 d6 5. c3 Bd7 6. d4 Nge7
C76	Ruy Lopez: Morphy Defense, Modern Steinitz Defense, Fianchetto Variation	1. e4 e5 2. Nf3 Nc6 3. Bb5 g6 4. c3 a6 5. Ba4 d6 6. d4 Bd7
C77	Ruy Lopez: Morphy Defense, Anderssen Variation	1. e4 e5 2. Nf3 Nc6 3. Bb5 a6 4. Ba4 Nf6 5. d3
C77	Ruy Lopez: Morphy Defense, Bayreuth Variation	1. e4 e5 2. Nf3 Nc6 3. Bb5 a6 4. Ba4 Nf6 5. Bxc6
C77	Ruy Lopez: Morphy Defense, Duras Variation	1. e4 e5 2. Nf3 Nc6 3. Bb5 a6 4. Ba4 Nf6 5. d3 d6 6. c4
C77	Ruy Lopez: Morphy Defense, Jaffe Gambit	1. e4 e5 2. Nf3 Nc6 3. Bb5 a6 4. Ba4 Nf6 5. c3
C77	Ruy Lopez: Morphy Defense, Mackenzie Variation	1. e4 e5 2. Nf3 Nc6 3. Bb5 a6 4. Ba4 Nf6 5. d4
C77	Ruy Lopez: Morphy Defense, Tarrasch Variation	1. e4 e5 2. Nf3 Nc6 3. Bb5 a6 4. Ba4 Nf6 5. Nc3
C77	Ruy Lopez: Morphy Defense, Wormald Attack	1. e4 e5 2. Nf3 Nc6 3. Bb5 a6 4. Ba4 Nf6 5. Qe2
C77	Ruy Lopez: Wormald Attack, Grünfeld Variation	1. e4 e5 2. Nf3 Nc6 3. Bb5 a6 4. Ba4 Nf6 5. Qe2 b5 6. Bb3 Be7 7. d4 d6 8. c3 Bg4
C78	Ruy Lopez: Brix Variation	1. e4 e5 2. Nf3 Nc6 3. Bb5 a6 4. Ba4 Nf6 5. O-O g6
C78	Ruy Lopez: Central Countergambit	1. e4 e5 2. Nf3 Nc6 3. Bb5 a6 4. Ba4 Nf6 5. O-O d5
C78	Ruy Lopez: Morphy Defense	1. e4 e5 2. Nf3 Nc6 3. Bb5 a6 4. Ba4 Nf6 5. O-O
C78	Ruy Lopez: Morphy Defense	1. e4 e5 2. Nf3 Nc6 3. Bb5 a6 4. Ba4 Nf6 5. O-O b5 6. Bb3 d6
C78	Ruy Lopez: Morphy Defense, Arkhangelsk Variation	1. e4 e5 2. Nf3 Nc6 3. Bb5 a6 4. Ba4 Nf6 5. O-O b5 6. Bb3 Bb7
C78	Ruy Lopez: Morphy Defense, Neo-Arkhangelsk Variation	1. e4 e5 2. Nf3 Nc6 3. Bb5 a6 4. Ba4 Nf6 5. O-O Bc5
C78	Ruy Lopez: Morphy Defense, Wing Attack	1. e4 e5 2. Nf3 Nc6 3. Bb5 a6 4. Ba4 Nf6 5. O-O b5 6. Bb3 Be7 7. a4
C78	Ruy Lopez: Rabinovich Variation	1. e4 e5 2. Nf3 Nc6 3. Bb5 a6 4. Ba4 Nf6 5. O-O b5 6. Bb3 d6 7. Ng5 d5 8. exd5 Nd4 9. Re1 Bc5 10. Rxe5+ Kf8
C79	Ruy Lopez: Morphy Defense, Steinitz Deferred	1. e4 e5 2. Nf3 Nc6 3. Bb5 a6 4. Ba4 Nf6 5. O-O d6
C79	Ruy Lopez: Morphy Defense, Steinitz Deferred	1. e4 e5 2. Nf3 Nc6 3. Bb5 a6 4. Ba4 Nf6 5. O-O d6 6. Bxc6+ bxc6 7. d4 Nxe4
C79	Ruy Lopez: Steinitz Defense Deferred, Boleslavsky Variation	1. e4 e5 2. Nf3 Nc6 3. Bb5 a6 4. Ba4 Nf6 5. O-O d6 6. Bxc6+ bxc6 7. d4 Nxe4 8. Re1 f5 9. dxe5 d5 10. Nc3
C79	Ruy Lopez: Steinitz Defense Deferred, Lipnitsky Variation	1. e4 e5 2. Nf3 Nc6 3. Bb5 a6 4. Ba4 Nf6 5. O-O d6 6. Bxc6+ bxc6 7. d4 Bg4
C80	Ruy Lopez: Morphy Defense, Tartakower Variation	1. e4 e5 2. Nf3 Nc6 3. Bb5 a6 4. Ba4 Nf6 5. O-O Nxe4 6. Qe2
C80	Ruy Lopez: Open	1. e4 e5 2. Nf3 Nc6 3. Bb5 a6 4. Ba4 Nf6 5. O-O Nxe4
C80	Ruy Lopez: Open	1. e4 e5 2. Nf3 Nc6 3. Bb5 a6 4. Ba4 Nf6 5. O-O Nxe4 6. d4
C80	Ruy Lopez: Open	1. e4 e5 2. Nf3 Nc6 3. Bb5 a6 4. Ba4 Nf6 5. O-O Nxe4 6. d4 b5 7. Bb3
C80	Ruy Lopez: Open	1. e4 e5 2. Nf3 Nc6 3. Bb5 a6 4. Ba4 Nf6 5. O-O Nxe4 6. d4 b5 7. Bb3 d5 8. dxe5
C80	Ruy Lopez: Open, Berger Variation	1. e4 e5 2. Nf3 Nc6 3. Bb5 a6 4. Ba4 Nf6 5. O-O Nxe4 6. d4 b5 7. Bb3 d5 8. a4 Nxd4 9. Nxd4 exd4 10. Nc3
C80	Ruy Lopez: Open, Bernstein Variation	1. e4 e5 2. Nf3 Nc6 3. Bb5 a6 4. Ba4 Nf6 5. O-O Nxe4 6. d4 b5 7. Bb3 d5 8. dxe5 Be6 9. Nbd2
C80	Ruy Lopez: Open, Bernstein Variation, Luther Line	1. e4 e5 2. Nf3 Nc6 3. Bb5 a6 4. Ba4 Nf6 5. O-O Nxe4 6. d4 b5 7. Bb3 d5 8. dxe5 Be6 9. Nbd2 Bc5 10. Qe1
C80	Ruy Lopez: Open, Friess Attack	1. e4 e5 2. Nf3 Nc6 3. Bb5 a6 4. Ba4 Nf6 5. O-O Nxe4 6. d4 b5 7. Nxe5
C80	Ruy Lopez: Open, Harksen Gambit	1. e4 e5 2. Nf3 Nc6 3. Bb5 a6 4. Ba4 Nf6 5. O-O Nxe4 6. d4 b5 7. Bb3 d5 8. c4
C80	Ruy Lopez: Open, Karpov Gambit	1. e4 e5 2. Nf3 Nc6 3. Bb5 a6 4. Ba4 Nf6 5. O-O Nxe4 6. d4 b5 7. Bb3 d5 8. dxe5 Be6 9. Nbd2 Nc5 10. c3 d4 11. Ng5
C80	Ruy Lopez: Open, Knorre Variation	1. e4 e5 2. Nf3 Nc6 3. Bb5 a6 4. Ba4 Nf6 5. O-O Nxe4 6. Nc3
C80	Ruy Lopez: Open, Main Line	1. e4 e5 2. Nf3 Nc6 3. Bb5 a6 4. Ba4 Nf6 5. O-O Nxe4 6. d4 b5 7. Bb3 d5 8. dxe5 Be6
C80	Ruy Lopez: Open, Richter Variation	1. e4 e5 2. Nf3 Nc6 3. Bb5 a6 4. Ba4 Nf6 5. O-O Nxe4 6. d4 b5 7. d5
C80	Ruy Lopez: Open, Riga Variation	1. e4 e5 2. Nf3 Nc6 3. Bb5 a6 4. Ba4 Nf6 5. O-O Nxe4 6. d4 exd4
C80	Ruy Lopez: Open, Schlechter Defense	1. e4 e5 2. Nf3 Nc6 3. Bb5 a6 4. Ba4 Nf6 5. O-O Nxe4 6. d4 b5 7. Bb3 d5 8. a4 Nxd4
C80	Ruy Lopez: Open, Skipworth Gambit	1. e4 e5 2. Nf3 Nc6 3. Bb5 a6 4. Ba4 Nf6 5. O-O Nxe4 6. Re1 d5
C80	Ruy Lopez: Open, Zukertort Variation	1. e4 e5 2. Nf3 Nc6 3. Bb5 a6 4. Ba4 Nf6 5. O-O Nxe4 6. d4 b5 7. Bb3 d5 8. dxe5 Ne7
C81	Ruy Lopez: Open, Howell Attack	1. e4 e5 2. Nf3 Nc6 3. Bb5 a6 4. Ba4 Nf6 5. O-O Nxe4 6. d4 b5 7. Bb3 d5 8. dxe5 Be6 9. Qe2
C81	Ruy Lopez: Open, Howell Attack	1. e4 e5 2. Nf3 Nc6 3. Bb5 a6 4. Ba4 Nf6 5. O-O Nxe4 6. d4 b5 7. Bb3 d5 8. dxe5 Be6 9. Qe2 Be7 10. c4
C81	Ruy Lopez: Open, Howell Attack, Ekstrom Variation	1. e4 e5 2. Nf3 Nc6 3. Bb5 a6 4. Ba4 Nf6 5. O-O Nxe4 6. d4 b5 7. Bb3 d5 8. dxe5 Be6 9. Qe2 Be7 10. Rd1 O-O 11. c4 bxc4 12. Bxc4 Qd7
C82	Ruy Lopez: Open	1. e4 e5 2. Nf3 Nc6 3. Bb5 a6 4. Ba4 Nf6 5. O-O Nxe4 6. d4 b5 7. Bb3 d5 8. dxe5 Be6 9. c3
C82	Ruy Lopez: Open, Berlin Variation	1. e4 e5 2. Nf3 Nc6 3. Bb5 a6 4. Ba4 Nf6 5. O-O Nxe4 6. d4 b5 7. Bb3 d5 8. dxe5 Be6 9. c3 Nc5
C82	Ruy Lopez: Open, Dilworth Variation	1. e4 e5 2. Nf3 Nc6 3. Bb5 a6 4. Ba4 Nf6 5. O-O Nxe4 6. d4 b5 7. Bb3 d5 8. dxe5 Be6 9. c3 Bc5 10. Nbd2 O-O 11. Bc2 Nxf2
C82	Ruy Lopez: Open, Italian Variation	1. e4 e5 2. Nf3 Nc6 3. Bb5 a6 4. Ba4 Nf6 5. O-O Nxe4 6. d4 b5 7. Bb3 d5 8. dxe5 Be6 9. c3 Bc5
C82	Ruy Lopez: Open, Motzko Attack	1. e4 e5 2. Nf3 Nc6 3. Bb5 a6 4. Ba4 Nf6 5. O-O Nxe4 6. d4 b5 7. Bb3 d5 8. dxe5 Be6 9. c3 Bc5 10. Qd3
C82	Ruy Lopez: Open, Motzko Attack, Nenarokov Variation	1. e4 e5 2. Nf3 Nc6 3. Bb5 a6 4. Ba4 Nf6 5. O-O Nxe4 6. d4 b5 7. Bb3 d5 8. dxe5 Be6 9. c3 Bc5 10. Qd3 Ne7
C82	Ruy Lopez: Open, St. Petersburg Variation	1. e4 e5 2. Nf3 Nc6 3. Bb5 a6 4. Ba4 Nf6 5. O-O Nxe4 6. d4 b5 7. Bb3 d5 8. dxe5 Be6 9. c3 Bc5 10. Nbd2
C83	Ruy Lopez: Open, Breslau Variation	1. e4 e5 2. Nf3 Nc6 3. Bb5 a6 4. Ba4 Nf6 5. O-O Nxe4 6. d4 b5 7. Bb3 d5 8. dxe5 Be6 9. c3 Be7 10. Re1 O-O 11. Nd4 Nxe5
C83	Ruy Lopez: Open, Classical Defense	1. e4 e5 2. Nf3 Nc6 3. Bb5 a6 4. Ba4 Nf6 5. O-O Nxe4 6. d4 b5 7. Bb3 d5 8. dxe5 Be6 9. c3 Be7
C83	Ruy Lopez: Open, Classical Defense, Main Line	1. e4 e5 2. Nf3 Nc6 3. Bb5 a6 4. Ba4 Nf6 5. O-O Nxe4 6. d4 Be7 7. Re1 b5 8. Bb3 d5 9. dxe5 Be6 10. c3
C83	Ruy Lopez: Open, Malkin Variation	1. e4 e5 2. Nf3 Nc6 3. Bb5 a6 4. Ba4 Nf6 5. O-O Nxe4 6. d4 b5 7. Bb3 d5 8. dxe5 Be6 9. c3 Be7 10. Nbd2 O-O 11. Qe2
C83	Ruy Lopez: Open, Tarrasch Trap	1. e4 e5 2. Nf3 Nc6 3. Bb5 a6 4. Ba4 Nf6 5. O-O Nxe4 6. d4 b5 7. Bb3 d5 8. dxe5 Be6 9. c3 Be7 10. Re1 O-O 11. Nd4 Qd7 12. Nxe6 fxe6 13. Rxe4
C84	Ruy Lopez: Closed	1. e4 e5 2. Nf3 Nc6 3. Bb5 a6 4. Ba4 Nf6 5. O-O Be7
C84	Ruy Lopez: Closed, Basque Gambit	1. e4 e5 2. Nf3 Nc6 3. Bb5 a6 4. Ba4 Nf6 5. O-O Be7 6. d4 exd4 7. e5 Ne4 8. c3
C84	Ruy Lopez: Closed, Center Attack	1. e4 e5 2. Nf3 Nc6 3. Bb5 a6 4. Ba4 Nf6 5. O-O Be7 6. d4
C84	Ruy Lopez: Closed, Center Attack, Basque Gambit	1. e4 e5 2. Nf3 Nc6 3. Bb5 a6 4. Ba4 Nf6 5. O-O Be7 6. d4 exd4 7. e5 Ne4 8. c3 dxc3
C84	Ruy Lopez: Closed, Martinez Variation	1. e4 e5 2. Nf3 Nc6 3. Bb5 a6 4. Ba4 Nf6 5. O-O Be7 6. d3
C84	Ruy Lopez: Closed, Morphy Attack	1. e4 e5 2. Nf3 Nc6 3. Bb5 a6 4. Ba4 Nf6 5. O-O Be7 6. Nc3
C85	Ruy Lopez: Closed, Delayed Exchange	1. e4 e5 2. Nf3 Nc6 3. Bb5 a6 4. Ba4 Nf6 5. O-O Be7 6. Bxc6
C86	Ruy Lopez: Closed, Worrall Attack	1. e4 e5 2. Nf3 Nc6 3. Bb5 a6 4. Ba4 Nf6 5. O-O Be7 6. Qe2
C86	Ruy Lopez: Closed, Worrall Attack, Castling Line	1. e4 e5 2. Nf3 Nc6 3. Bb5 a6 4. Ba4 Nf6 5. O-O Be7 6. Qe2 b5 7. Bb3 O-O
C86	Ruy Lopez: Closed, Worrall Attack, Castling Line	1. e4 e5 2. Nf3 Nc6 3. Bb5 a6 4. Ba4 Nf6 5. Qe2 Be7 6. O-O b5 7. Bb3 O-O 8. c3 d5 9. d3
C86	Ruy Lopez: Closed, Worrall Attack, Delayed Castling Line	1. e4 e5 2. Nf3 Nc6 3. Bb5 a6 4. Ba4 Nf6 5. O-O Be7 6. Qe2 b5 7. Bb3 d6
C87	Ruy Lopez: Closed, Averbakh Variation	1. e4 e5 2. Nf3 Nc6 3. Bb5 a6 4. Ba4 Nf6 5. O-O Be7 6. Re1 d6
C88	Ruy Lopez: Closed	1. e4 e5 2. Nf3 Nc6 3. Bb5 a6 4. Ba4 Nf6 5. O-O Be7 6. Re1 b5 7. Bb3
C88	Ruy Lopez: Closed	1. e4 e5 2. Nf3 Nc6 3. Bb5 a6 4. Ba4 Nf6 5. O-O Be7 6. Re1 b5 7. Bb3 O-O
C88	Ruy Lopez: Closed, Alekhine Gambit	1. e4 e5 2. Nf3 Nc6 3. Bb5 a6 4. Ba4 Nf6 5. O-O Be7 6. Re1 b5 7. Bb3 d6 8. c3 Na5 9. Bc2 c5 10. d4 Qc7 11. Nbd2 O-O 12. Nf1 Bg4 13. Ne3 Bxf3 14. Qxf3
C88	Ruy Lopez: Closed, Anti-Marshall	1. e4 e5 2. Nf3 Nc6 3. Bb5 a6 4. Ba4 Nf6 5. O-O Be7 6. Re1 b5 7. Bb3 O-O 8. a4
C88	Ruy Lopez: Closed, Balla Variation	1. e4 e5 2. Nf3 Nc6 3. Bb5 a6 4. Ba4 Nf6 5. O-O Be7 6. Re1 b5 7. Bb3 d6 8. c3 Na5 9. Bc2 c5 10. d4 Qc7 11. a4
C88	Ruy Lopez: Closed, Leonhardt Variation	1. e4 e5 2. Nf3 Nc6 3. Bb5 a6 4. Ba4 Nf6 5. O-O Be7 6. Re1 b5 7. Bb3 d6 8. c3 Na5 9. Bc2 c5 10. d4 Qc7 11. h3 Nc6 12. d5 Nb8 13. Nbd2 g5
C88	Ruy Lopez: Closed, Rosen Attack	1. e4 e5 2. Nf3 Nc6 3. Bb5 a6 4. Ba4 Nf6 5. O-O Be7 6. Re1 b5 7. Bb3 d6 8. d4
C88	Ruy Lopez: Closed, Trajkovic Counterattack	1. e4 e5 2. Nf3 Nc6 3. Bb5 a6 4. Ba4 Nf6 5. O-O Be7 6. Re1 b5 7. Bb3 Bb7
C88	Ruy Lopez: Noah's Ark Trap	1. e4 e5 2. Nf3 Nc6 3. Bb5 a6 4. Ba4 Nf6 5. O-O Be7 6. Re1 b5 7. Bb3 d6 8. d4 Nxd4 9. Nxd4 exd4 10. Qxd4 c5
C89	Ruy Lopez: Marshall Attack	1. e4 e5 2. Nf3 Nc6 3. Bb5 a6 4. Ba4 Nf6 5. O-O Be7 6. Re1 b5 7. Bb3 O-O 8. c3 d5
C89	Ruy Lopez: Marshall Attack, Main Line	1. e4 e5 2. Nf3 Nc6 3. Bb5 a6 4. Ba4 Nf6 5. O-O Be7 6. Re1 b5 7. Bb3 O-O 8. c3 d5 9. exd5 Nxd5 10. Nxe5 Nxe5 11. Rxe5 c6 12. d4
C89	Ruy Lopez: Marshall Attack, Main Line, Spassky Variation	1. e4 e5 2. Nf3 Nc6 3. Bb5 a6 4. Ba4 Nf6 5. O-O Be7 6. Re1 b5 7. Bb3 O-O 8. c3 d5 9. exd5 Nxd5 10. Nxe5 Nxe5 11. Rxe5 c6 12. d4 Bd6 13. Re1 Qh4 14. g3 Qh3 15. Be3 Bg4 16. Qd3 Rae8 17. Nd2 Re6 18. a4 Qh5
C89	Ruy Lopez: Marshall Attack, Modern Main Line	1. e4 e5 2. Nf3 Nc6 3. Bb5 a6 4. Ba4 Nf6 5. O-O Be7 6. Re1 b5 7. Bb3 O-O 8. c3 d5 9. exd5 Nxd5 10. Nxe5 Nxe5 11. Rxe5 c6 12. d4 Bd6 13. Re1 Qh4 14. g3 Qh3
C89	Ruy Lopez: Marshall Attack, Modern Variation	1. e4 e5 2. Nf3 Nc6 3. Bb5 a6 4. Ba4 Nf6 5. O-O Be7 6. Re1 b5 7. Bb3 O-O 8. c3 d5 9. exd5 Nxd5 10. Nxe5 Nxe5 11. Rxe5 c6
C89	Ruy Lopez: Marshall Attack, Original Marshall Attack	1. e4 e5 2. Nf3 Nc6 3. Bb5 a6 4. Ba4 Nf6 5. O-O Be7 6. Re1 b5 7. Bb3 O-O 8. c3 d5 9. exd5 Nxd5 10. Nxe5 Nxe5 11. Rxe5 Nf6
C89	Ruy Lopez: Marshall Attack, Re3 Variation	1. e4 e5 2. Nf3 Nc6 3. Bb5 a6 4. Ba4 Nf6 5. O-O Be7 6. Re1 b5 7. Bb3 O-O 8. c3 d5 9. exd5 Nxd5 10. Nxe5 Nxe5 11. Rxe5 c6 12. Bxd5 cxd5 13. d4 Bd6 14. Re3
C89	Ruy Lopez: Marshall Attack, Steiner Variation	1. e4 e5 2. Nf3 Nc6 3. Bb5 a6 4. Ba4 Nf6 5. O-O Be7 6. Re1 b5 7. Bb3 O-O 8. c3 d5 9. exd5 e4
C90	Ruy Lopez: Closed	1. e4 e5 2. Nf3 Nc6 3. Bb5 a6 4. Ba4 Nf6 5. O-O Be7 6. Re1 b5 7. Bb3 d6 8. c3 O-O
C90	Ruy Lopez: Closed, Lutikov Variation	1. e4 e5 2. Nf3 Nc6 3. Bb5 a6 4. Ba4 Nf6 5. O-O Be7 6. Re1 b5 7. Bb3 d6 8. c3 O-O 9. Bc2
C90	Ruy Lopez: Closed, Pilnik Variation	1. e4 e5 2. Nf3 Nc6 3. Bb5 a6 4. Ba4 Nf6 5. O-O Be7 6. Re1 b5 7. Bb3 O-O 8. d3 d6 9. c3
C90	Ruy Lopez: Closed, Suetin Variation	1. e4 e5 2. Nf3 Nc6 3. Bb5 a6 4. Ba4 Nf6 5. O-O Be7 6. Re1 b5 7. Bb3 d6 8. c3 O-O 9. a3
C91	Ruy Lopez: Closed, Bogoljubow Variation	1. e4 e5 2. Nf3 Nc6 3. Bb5 a6 4. Ba4 Nf6 5. O-O Be7 6. Re1 b5 7. Bb3 d6 8. c3 O-O 9. d4 Bg4
C91	Ruy Lopez: Closed, Yates Variation	1. e4 e5 2. Nf3 Nc6 3. Bb5 a6 4. Ba4 Nf6 5. O-O Be7 6. Re1 b5 7. Bb3 d6 8. c3 O-O 9. d4
C91	Ruy Lopez: Closed, Yates Variation, Short Attack	1. e4 e5 2. Nf3 Nc6 3. Bb5 a6 4. Ba4 Nf6 5. O-O Be7 6. Re1 b5 7. Bb3 d6 8. c3 O-O 9. d4 Bg4 10. a4
C92	Ruy Lopez: Closed	1. e4 e5 2. Nf3 Nc6 3. Bb5 a6 4. Ba4 Nf6 5. O-O Be7 6. Re1 b5 7. Bb3 d6 8. c3 O-O 9. h3
C92	Ruy Lopez: Closed, Flohr System	1. e4 e5 2. Nf3 Nc6 3. Bb5 a6 4. Ba4 Nf6 5. O-O Be7 6. Re1 b5 7. Bb3 d6 8. c3 O-O 9. h3 Bb7
C92	Ruy Lopez: Closed, Karpov Variation	1. e4 e5 2. Nf3 Nc6 3. Bb5 a6 4. Ba4 Nf6 5. O-O Be7 6. Re1 b5 7. Bb3 d6 8. c3 O-O 9. h3 Nd7
C92	Ruy Lopez: Closed, Kholmov Variation	1. e4 e5 2. Nf3 Nc6 3. Bb5 a6 4. Ba4 Nf6 5. O-O Be7 6. Re1 b5 7. Bb3 d6 8. c3 O-O 9. h3 Be6
C92	Ruy Lopez: Closed, Smyslov-Breyer-Zaitsev Hybrid	1. e4 e5 2. Nf3 Nc6 3. Bb5 a6 4. Ba4 Nf6 5. O-O Be7 6. Re1 b5 7. Bb3 d6 8. c3 O-O 9. h3 Bb7 10. d4 Re8 11. Nbd2 Bf8 12. a3 h6
C92	Ruy Lopez: Closed, Zaitsev System	1. e4 e5 2. Nf3 Nc6 3. Bb5 a6 4. Ba4 Nf6 5. O-O Be7 6. Re1 b5 7. Bb3 d6 8. c3 O-O 9. h3 Re8
C93	Ruy Lopez: Closed, Smyslov Defense	1. e4 e5 2. Nf3 Nc6 3. Bb5 a6 4. Ba4 Nf6 5. O-O Be7 6. Re1 b5 7. Bb3 d6 8. c3 O-O 9. h3 h6
C94	Ruy Lopez: Closed, Breyer Defense	1. e4 e5 2. Nf3 Nc6 3. Bb5 a6 4. Ba4 Nf6 5. O-O Be7 6. Re1 b5 7. Bb3 d6 8. c3 O-O 9. h3 Nb8
C94	Ruy Lopez: Closed, Breyer Defense, Quiet Variation	1. e4 e5 2. Nf3 Nc6 3. Bb5 a6 4. Ba4 Nf6 5. O-O Be7 6. Re1 b5 7. Bb3 d6 8. c3 O-O 9. h3 Nb8 10. d3
C95	Ruy Lopez: Closed, Breyer	1. e4 e5 2. Nf3 Nc6 3. Bb5 a6 4. Ba4 Nf6 5. O-O Be7 6. Re1 b5 7. Bb3 d6 8. c3 O-O 9. h3 Nb8 10. d4
C95	Ruy Lopez: Closed, Breyer Defense	1. e4 e5 2. Nf3 Nc6 3. Bb5 a6 4. Ba4 Nf6 5. O-O Be7 6. Re1 b5 7. Bb3 d6 8. c3 O-O 9. h3 Nb8 10. d4 Nbd7 11. Nbd2 Bb7 12. Bc2 c5
C95	Ruy Lopez: Closed, Breyer Defense	1. e4 e5 2. Nf3 Nc6 3. Bb5 a6 4. Ba4 Nf6 5. O-O Be7 6. Re1 b5 7. Bb3 d6 8. c3 O-O 9. h3 Nb8 10. d4 Nbd7 11. Nh4
C95	Ruy Lopez: Closed, Breyer Defense, Zaitsev Hybrid	1. e4 e5 2. Nf3 Nc6 3. Bb5 a6 4. Ba4 Nf6 5. O-O Be7 6. Re1 b5 7. Bb3 d6 8. c3 O-O 9. h3 Nb8 10. d4 Nbd7
C96	Ruy Lopez: Closed, Borisenko Variation	1. e4 e5 2. Nf3 Nc6 3. Bb5 a6 4. Ba4 Nf6 5. O-O Be7 6. Re1 b5 7. Bb3 d6 8. c3 O-O 9. h3 Na5 10. Bc2 c5 11. d4 Nc6
C96	Ruy Lopez: Closed, Chigorin Defense	1. e4 e5 2. Nf3 Nc6 3. Bb5 a6 4. Ba4 Nf6 5. O-O Be7 6. Re1 b5 7. Bb3 d6 8. c3 O-O 9. h3 Na5 10. Bc2
C96	Ruy Lopez: Closed, Chigorin Defense	1. e4 e5 2. Nf3 Nc6 3. Bb5 a6 4. Ba4 Nf6 5. O-O Be7 6. Re1 b5 7. Bb3 d6 8. c3 O-O 9. h3 Na5 10. Bc2 c5
C96	Ruy Lopez: Closed, Chigorin Defense, Gajewski Gambit	1. e4 e5 2. Nf3 Nc6 3. Bb5 a6 4. Ba4 Nf6 5. O-O Be7 6. Re1 b5 7. Bb3 d6 8. c3 O-O 9. h3 Na5 10. Bc2 d5
C96	Ruy Lopez: Closed, Keres Defense	1. e4 e5 2. Nf3 Nc6 3. Bb5 a6 4. Ba4 Nf6 5. O-O Be7 6. Re1 b5 7. Bb3 d6 8. c3 O-O 9. h3 Na5 10. Bc2 c5 11. d4 Nd7
C96	Ruy Lopez: Closed, Rossolimo Defense	1. e4 e5 2. Nf3 Nc6 3. Bb5 a6 4. Ba4 Nf6 5. O-O Be7 6. Re1 b5 7. Bb3 d6 8. c3 O-O 9. h3 Na5 10. Bc2 c6 11. d4 Qc7
C97	Ruy Lopez: Closed, Chigorin Defense	1. e4 e5 2. Nf3 Nc6 3. Bb5 a6 4. Ba4 Nf6 5. O-O Be7 6. Re1 b5 7. Bb3 d6 8. c3 O-O 9. h3 Na5
C97	Ruy Lopez: Closed, Chigorin Defense	1. e4 e5 2. Nf3 Nc6 3. Bb5 a6 4. Ba4 Nf6 5. O-O Be7 6. Re1 b5 7. Bb3 d6 8. c3 O-O 9. h3 Na5 10. Bc2 c5 11. d4 Qc7
C97	Ruy Lopez: Closed, Chigorin, Yugoslav System	1. e4 e5 2. Nf3 Nc6 3. Bb5 a6 4. Ba4 Nf6 5. O-O Be7 6. Re1 b5 7. Bb3 d6 8. c3 O-O 9. h3 Na5 10. Bc2 c5 11. d4 Qc7 12. Nbd2 Bd7 13. Nf1 Rfe8 14. Ne3 g6
C98	Ruy Lopez: Closed, Chigorin Defense	1. e4 e5 2. Nf3 Nc6 3. Bb5 a6 4. Ba4 Nf6 5. O-O Be7 6. Re1 b5 7. Bb3 d6 8. c3 O-O 9. h3 Na5 10. Bc2 c5 11. d4 Qc7 12. Nbd2 Nc6
C98	Ruy Lopez: Closed, Chigorin Defense	1. e4 e5 2. Nf3 Nc6 3. Bb5 a6 4. Ba4 Nf6 5. O-O Be7 6. Re1 b5 7. Bb3 d6 8. c3 O-O 9. h3 Na5 10. Bc2 c5 11. d4 Qc7 12. Nbd2 Nc6 13. dxc5
C99	Ruy Lopez: Closed, Chigorin Defense, Panov System	1. e4 e5 2. Nf3 Nc6 3. Bb5 a6 4. Ba4 Nf6 5. O-O Be7 6. Re1 b5 7. Bb3 d6 8. c3 O-O 9. h3 Na5 10. Bc2 c5 11. d4 Qc7 12. Nbd2 cxd4 13. cxd4
D00	Amazon Attack	1. d4 d5 2. Qd3
D00	Blackmar-Diemer Gambit	1. d4 d5 2. e4
D00	Blackmar-Diemer Gambit	1. d4 d5 2. e4 dxe4 3. Nc3 Nf6
D00	Blackmar-Diemer Gambit Accepted	1. d4 d5 2. e4 dxe4 3. Nc3 Nf6 4. f3 exf3
D00	Blackmar-Diemer Gambit Accepted: Bogoljubow Defense	1. d4 d5 2. e4 dxe4 3. Nc3 Nf6 4. f3 exf3 5. Nxf3 g6
D00	Blackmar-Diemer Gambit Accepted: Bogoljubow Defense, Kloss Attack	1. d4 d5 2. e4 dxe4 3. Nc3 Nf6 4. f3 exf3 5. Nxf3 g6 6. Bc4 Bg7 7. O-O O-O 8. Kh1
D00	Blackmar-Diemer Gambit Accepted: Bogoljubow Defense, Mad Dog Attack	1. d4 d5 2. e4 dxe4 3. Nc3 Nf6 4. f3 exf3 5. Nxf3 g6 6. Bc4 Bg7 7. h4
D00	Blackmar-Diemer Gambit Accepted: Bogoljubow Defense, Nimzowitsch Attack	1. d4 d5 2. e4 dxe4 3. Nc3 Nf6 4. f3 exf3 5. Nxf3 g6 6. Bc4 Bg7 7. Ne5
D00	Blackmar-Diemer Gambit Accepted: Bogoljubow Defense, Studier Attack	1. d4 d5 2. e4 dxe4 3. Nc3 Nf6 4. f3 exf3 5. Nxf3 g6 6. Bc4 Bg7 7. O-O O-O 8. Qe1
D00	Blackmar-Diemer Gambit Accepted: Euwe Defense	1. d4 d5 2. e4 dxe4 3. Nc3 Nf6 4. f3 exf3 5. Nxf3 e6
D00	Blackmar-Diemer Gambit Accepted: Euwe Defense, Zilbermints Gambit	1. d4 d5 2. e4 dxe4 3. Nc3 Nf6 4. f3 exf3 5. Nxf3 e6 6. Bg5 Be7 7. Bd3 Nc6 8. O-O Nxd4 9. Kh1
D00	Blackmar-Diemer Gambit Accepted: Gunderam Defense	1. d4 d5 2. e4 dxe4 3. Nc3 Nf6 4. f3 exf3 5. Nxf3 Bf5
D00	Blackmar-Diemer Gambit Accepted: Gunderam Defense, Stader Variation	1. d4 d5 2. e4 dxe4 3. Nc3 Nf6 4. f3 exf3 5. Nxf3 Bf5 6. Ne5 e6 7. g4 Be4
D00	Blackmar-Diemer Gambit Accepted: Holwell Defense	1. d4 d5 2. e4 dxe4 3. Nc3 Nf6 4. f3 exf3 5. Nxf3 Qd6
D00	Blackmar-Diemer Gambit Accepted: Kaulich Defense	1. d4 d5 2. e4 dxe4 3. Nc3 Nf6 4. f3 exf3 5. Nxf3 c5
D00	Blackmar-Diemer Gambit Accepted: Pietrowsky Defense	1. d4 d5 2. e4 dxe4 3. Nc3 Nf6 4. f3 exf3 5. Nxf3 Nc6
D00	Blackmar-Diemer Gambit Accepted: Ritter Defense	1. d4 d5 2. e4 dxe4 3. Nc3 Nf6 4. f3 exf3 5. Nxf3 b6
D00	Blackmar-Diemer Gambit Accepted: Ryder Gambit	1. d4 d5 2. e4 dxe4 3. Nc3 Nf6 4. f3 exf3 5. Qxf3
D00	Blackmar-Diemer Gambit Accepted: Schlutter Defense	1. d4 d5 2. e4 dxe4 3. Nc3 Nf6 4. f3 exf3 5. Nxf3 Nbd7
D00	Blackmar-Diemer Gambit Accepted: Teichmann Defense	1. d4 d5 2. e4 dxe4 3. Nc3 Nf6 4. f3 exf3 5. Nxf3 Bg4
D00	Blackmar-Diemer Gambit Accepted: Teichmann Defense, Ciesielski Variation	1. d4 d5 2. e4 dxe4 3. Nc3 Nf6 4. f3 exf3 5. Nxf3 Bg4 6. h3 Bxf3 7. Qxf3 c6 8. Qf2
D00	Blackmar-Diemer Gambit Accepted: Teichmann Defense, Classical Variation	1. d4 d5 2. e4 dxe4 3. Nc3 Nf6 4. f3 exf3 5. Nxf3 Bg4 6. h3 Bxf3 7. Qxf3 c6 8. Be3
D00	Blackmar-Diemer Gambit Accepted: Teichmann Defense, Seidel-Hall Attack	1. d4 d5 2. e4 dxe4 3. Nc3 Nf6 4. f3 exf3 5. Nxf3 Bg4 6. h3 Bxf3 7. Qxf3 c6 8. g4
D00	Blackmar-Diemer Gambit Accepted: Ziegler Defense	1. d4 d5 2. e4 dxe4 3. Nc3 Nf6 4. f3 exf3 5. Nxf3 c6
D00	Blackmar-Diemer Gambit Declined: Brombacher Countergambit	1. d4 d5 2. e4 dxe4 3. Nc3 Nf6 4. f3 c5
D00	Blackmar-Diemer Gambit Declined: Elbert Countergambit	1. d4 d5 2. e4 dxe4 3. Nc3 Nf6 4. f3 e5
D00	Blackmar-Diemer Gambit Declined: Gedult Defense	1. d4 d5 2. e4 dxe4 3. Nc3 Nf6 4. f3 a6
D00	Blackmar-Diemer Gambit Declined: Lamb Defense	1. d4 d5 2. e4 dxe4 3. Nc3 Nf6 4. f3 Nc6
D00	Blackmar-Diemer Gambit Declined: Langeheinicke Defense	1. d4 d5 2. e4 dxe4 3. Nc3 Nf6 4. f3 e3
D00	Blackmar-Diemer Gambit Declined: O'Kelly Defense	1. d4 d5 2. e4 dxe4 3. Nc3 Nf6 4. f3 c6
D00	Blackmar-Diemer Gambit Declined: Vienna Defense	1. d4 d5 2. e4 dxe4 3. Nc3 Nf6 4. f3 Bf5
D00	Blackmar-Diemer Gambit Declined: Weinsbach Defense	1. d4 d5 2. e4 dxe4 3. Nc3 Nf6 4. f3 e6
D00	Blackmar-Diemer Gambit: Blackmar Gambit	1. d4 d5 2. e4 dxe4 3. f3
D00	Blackmar-Diemer Gambit: Diemer-Rosenberg Attack	1. d4 d5 2. e4 dxe4 3. Be3
D00	Blackmar-Diemer Gambit: Fritz Attack	1. d4 d5 2. e4 dxe4 3. Bc4
D00	Blackmar-Diemer Gambit: Lemberger Countergambit	1. d4 d5 2. e4 dxe4 3. Nc3 e5
D00	Blackmar-Diemer Gambit: Lemberger Countergambit, Endgame Variation	1. d4 d5 2. e4 dxe4 3. Nc3 e5 4. dxe5
D00	Blackmar-Diemer Gambit: Lemberger Countergambit, Lange Gambit	1. d4 d5 2. e4 dxe4 3. Nc3 e5 4. Nxe4
D00	Blackmar-Diemer Gambit: Lemberger Countergambit, Rasmussen Attack	1. d4 d5 2. e4 dxe4 3. Nc3 e5 4. Nge2
D00	Blackmar-Diemer Gambit: Lemberger Countergambit, Sneiders Attack	1. d4 d5 2. e4 dxe4 3. Nc3 e5 4. Qh5
D00	Blackmar-Diemer Gambit: Lemberger Countergambit, Soller Attack	1. d4 d5 2. e4 dxe4 3. Nc3 e5 4. Be3
D00	Blackmar-Diemer Gambit: Netherlands Variation	1. d4 d5 2. e4 dxe4 3. Nc3 f5
D00	Blackmar-Diemer Gambit: Rasa-Studier Gambit	1. d4 d5 2. e4 dxe4 3. Nc3 Nf6 4. Be3
D00	Blackmar-Diemer Gambit: Reversed Albin Countergambit	1. d4 d5 2. e4 dxe4 3. Nc3 c5
D00	Blackmar-Diemer Gambit: Zeller Defense	1. d4 d5 2. e4 dxe4 3. Nc3 Bf5
D00	Blackmar-Diemer Gambit: Zeller Defense, Soller Attack	1. d4 d5 2. e4 dxe4 3. Nc3 Bf5 4. f3 Nf6 5. Bc4
D00	Blackmar-Diemer Gambit: von Popiel Gambit	1. d4 d5 2. e4 dxe4 3. Nc3 Nf6 4. Bg5
D00	Blackmar-Diemer Gambit: von Popiel Gambit, Zilbermints Variation	1. d4 d5 2. e4 dxe4 3. Nc3 Nf6 4. Bg5 Bf5 5. Bxf6 exf6 6. g4 Bg6 7. Qe2 Bb4 8. Qb5+
D00	Queen's Pawn Game	1. d4 d5
D00	Queen's Pawn Game	1. d4 d5 2. e3
D00	Queen's Pawn Game	1. d4 d5 2. e3 Nf6
D00	Queen's Pawn Game: Accelerated London System	1. d4 d5 2. Bf4
D00	Queen's Pawn Game: Accelerated London System, Steinitz Countergambit	1. d4 d5 2. Bf4 c5
D00	Queen's Pawn Game: Accelerated London System, Steinitz Countergambit Accepted	1. d4 d5 2. Bf4 c5 3. dxc5
D00	Queen's Pawn Game: Accelerated London System, Steinitz Countergambit, Morris Countergambit	1. d4 d5 2. Bf4 c5 3. e4
D00	Queen's Pawn Game: Accelerated London System, Steinitz Countergambit, Morris Countergambit Accepted	1. d4 d5 2. Bf4 c5 3. e4 dxe4
D00	Queen's Pawn Game: Chigorin Variation	1. d4 d5 2. Nc3
D00	Queen's Pawn Game: Chigorin Variation	1. d4 d5 2. Nc3 e6
D00	Queen's Pawn Game: Chigorin Variation, Alburt Defense	1. d4 d5 2. Nc3 Bf5
D00	Queen's Pawn Game: Chigorin Variation, Anti-Veresov	1. d4 d5 2. Nc3 Bg4
D00	Queen's Pawn Game: Chigorin Variation, Fianchetto Defense	1. d4 g6 2. Nf3 Bg7 3. Nc3 d5
D00	Queen's Pawn Game: Chigorin Variation, Irish Gambit	1. d4 d5 2. Nc3 c5
D00	Queen's Pawn Game: Chigorin Variation, Shaviliuk Gambit	1. d4 d5 2. Nc3 e5
D00	Queen's Pawn Game: Chigorin Variation, Shropshire Defense	1. d4 d5 2. Nc3 h5
D00	Queen's Pawn Game: Hübsch Gambit	1. d4 Nf6 2. Nc3 d5 3. e4
D00	Queen's Pawn Game: Levitsky Attack	1. d4 d5 2. Bg5
D00	Queen's Pawn Game: Levitsky Attack, Welling Variation	1. d4 d5 2. Bg5 Bg4
D00	Queen's Pawn Game: Mason Attack	1. d4 d5 2. f4
D00	Queen's Pawn Game: Stonewall Attack	1. d4 d5 2. e3 Nf6 3. Bd3
D00	Queen's Pawn Game: Zurich Gambit	1. d4 d5 2. g4
D01	Rapport-Jobava System	1. d4 d5 2. Nc3 Nf6 3. Bf4
D01	Rapport-Jobava System	1. d4 d5 2. Nc3 Nf6 3. Bf4 e6
D01	Rapport-Jobava System	1. d4 d5 2. Nc3 Nf6 3. Bf4 g6
D01	Rapport-Jobava System, with e6	1. d4 d5 2. Nc3 e6 3. Bf4
D01	Richter-Veresov Attack	1. d4 Nf6 2. Nc3 d5 3. Bg5
D01	Richter-Veresov Attack	1. d4 Nf6 2. Nc3 d5 3. Bg5 Bf5
D01	Richter-Veresov Attack: Boyce Defense	1. d4 Nf6 2. Nc3 d5 3. Bg5 Ne4
D01	Richter-Veresov Attack: Malich Gambit	1. d4 Nf6 2. Nc3 d5 3. Bg5 c5 4. Bxf6 gxf6 5. e4 dxe4 6. d5
D01	Richter-Veresov Attack: Richter Variation	1. d4 Nf6 2. Nc3 d5 3. Bg5 Bf5 4. f3
D01	Richter-Veresov Attack: Two Knights System	1. d4 Nf6 2. Nc3 d5 3. Bg5 Nbd7 4. Nf3
D01	Richter-Veresov Attack: Two Knights System, Grünfeld Defense	1. d4 Nf6 2. Nc3 d5 3. Bg5 Nbd7 4. Nf3 g6
D01	Richter-Veresov Attack: Veresov Variation	1. d4 Nf6 2. Nc3 d5 3. Bg5 Bf5 4. Bxf6
D02	London System: Poisoned Pawn Variation	1. d4 Nf6 2. Nf3 d5 3. Bf4 c5 4. e3 Qb6 5. Nc3
D02	Queen's Gambit Declined: Baltic Defense, Pseudo-Slav	1. d4 d5 2. Nf3 Bf5 3. c4 e6 4. Nc3 c6
D02	Queen's Pawn Game: Anti-Torre	1. Nf3 d5 2. d4 Bg4
D02	Queen's Pawn Game: Chandler Gambit	1. d4 d5 2. Nf3 c5 3. g3 cxd4 4. Bg2
D02	Queen's Pawn Game: Chigorin Variation	1. d4 d5 2. Nf3 Nc6
D02	Queen's Pawn Game: Krause Variation	1. d4 d5 2. Nf3 c5
D02	Queen's Pawn Game: Levitsky Attack, Euwe Variation, Modern Line	1. d4 d5 2. Nf3 c6 3. Bg5 h6 4. Bh4 Qb6
D02	Queen's Pawn Game: London System	1. d4 d5 2. Nf3 Nf6 3. Bf4
D02	Queen's Pawn Game: London System, Pterodactyl Variation	1. d4 g6 2. Nf3 Bg7 3. Bf4 c5 4. c3 cxd4 5. cxd4 Qa5+
D02	Queen's Pawn Game: London System, with e6	1. d4 d5 2. Nf3 e6 3. Bf4
D02	Queen's Pawn Game: Symmetrical Variation	1. d4 d5 2. Nf3 Nf6
D02	Queen's Pawn Game: Symmetrical Variation, Pseudo-Catalan	1. d4 d5 2. Nf3 Nf6 3. g3
D02	Queen's Pawn Game: Zilbermints Countergambit	1. d4 d5 2. Nf3 Nf6 3. c4 b5
D02	Queen's Pawn Game: Zukertort Variation	1. d4 d5 2. Nf3
D03	Queen's Pawn Game: Torre Attack	1. d4 d5 2. Nf3 Nf6 3. Bg5
D03	Queen's Pawn Game: Torre Attack, Gossip Variation	1. d4 d5 2. Nf3 Nf6 3. Bg5 Ne4
D03	Queen's Pawn Game: Torre Attack, Grünfeld Variation	1. d4 d5 2. Nf3 Nf6 3. Bg5 g6
D04	Queen's Pawn Game: Colle System	1. d4 d5 2. Nf3 Nf6 3. e3
D04	Queen's Pawn Game: Colle System, Anti-Colle	1. d4 d5 2. Nf3 Nf6 3. e3 Bf5
D04	Queen's Pawn Game: Colle System, Grünfeld Formation	1. d4 d5 2. Nf3 Nf6 3. e3 g6 4. Bd3 Bg7
D05	Queen's Pawn Game: Colle System	1. d4 d5 2. Nf3 Nf6 3. e3 e6
D05	Queen's Pawn Game: Colle System	1. d4 d5 2. Nf3 Nf6 3. e3 e6 4. Bd3
D05	Queen's Pawn Game: Colle System, Traditional Colle	1. d4 Nf6 2. Nf3 e6 3. e3 c5 4. Bd3 d5 5. c3
D05	Queen's Pawn Game: Zukertort Variation	1. d4 d5 2. Nf3 c5 3. e3 Nf6 4. Nbd2 e6 5. b3
D05	Rubinstein Opening	1. d4 Nf6 2. Nf3 e6 3. e3 c5 4. Bd3 d5 5. b3
D05	Rubinstein Opening: Bogoljubow Defense	1. d4 Nf6 2. Nf3 e6 3. e3 c5 4. Bd3 d5 5. b3 Nc6 6. O-O Bd6 7. Bb2 O-O
D05	Rubinstein Opening: Classical Defense	1. d4 Nf6 2. Nf3 e6 3. e3 c5 4. Bd3 d5 5. b3 Nc6 6. O-O Be7 7. Bb2 O-O
D05	Rubinstein Opening: Semi-Slav Defense	1. d4 d5 2. Nf3 Nf6 3. e3 e6 4. Bd3 Bd6 5. O-O O-O 6. b3 Nbd7 7. Bb2
D05	Rubinstein Opening: Semi-Slav Defense	1. d4 d5 2. Nf3 Nf6 3. e3 e6 4. Bd3 Bd6 5. O-O O-O 6. b3 Nbd7 7. Bb2 c6
D05	Rubinstein Opening: Semi-Slav Defense	1. d4 d5 2. Nf3 Nf6 3. e3 e6 4. Bd3 Bd6 5. O-O O-O 6. b3 Nbd7 7. Bb2 c6 8. Nbd2
D06	Queen's Gambit	1. d4 d5 2. c4
D06	Queen's Gambit Declined: Austrian Attack, Salvio Countergambit	1. d4 d5 2. c4 c5 3. dxc5 d4
D06	Queen's Gambit Declined: Austrian Defense	1. d4 d5 2. c4 c5
D06	Queen's Gambit Declined: Austrian Defense, Gusev Countergambit	1. d4 d5 2. c4 c5 3. cxd5 Nf6
D06	Queen's Gambit Declined: Austrian Defense, Haberditz Variation	1. d4 d5 2. c4 c5 3. cxd5 Nf6 4. e4 Nxe4 5. dxc5 Qa5+
D06	Queen's Gambit Declined: Baltic Defense	1. d4 d5 2. c4 Bf5
D06	Queen's Gambit Declined: Baltic Defense, Argentinian Gambit	1. d4 d5 2. c4 Bf5 3. cxd5 Bxb1 4. Qa4+ c6 5. dxc6 Nxc6
D06	Queen's Gambit Declined: Baltic Defense, Pseudo-Chigorin	1. d4 d5 2. c4 Bf5 3. Nc3 e6 4. Nf3 Nc6
D06	Queen's Gambit Declined: Baltic Defense, Queen Attack	1. d4 d5 2. c4 Bf5 3. Qb3
D06	Queen's Gambit Declined: Baltic Defense, Queen Attack Deferred	1. d4 d5 2. c4 Bf5 3. Nc3 e6 4. Qb3
D06	Queen's Gambit Declined: Marshall Defense	1. d4 d5 2. c4 Nf6
D06	Queen's Gambit Declined: Marshall Defense, Tan Gambit	1. d4 d5 2. c4 Nf6 3. cxd5 c6
D06	Queen's Gambit Declined: Zilbermints Gambit	1. d4 d5 2. c4 b5
D07	Queen's Gambit Declined: Chigorin Defense	1. d4 d5 2. c4 Nc6
D07	Queen's Gambit Declined: Chigorin Defense	1. d4 d5 2. c4 Nc6 3. Nc3
D07	Queen's Gambit Declined: Chigorin Defense	1. d4 d5 2. c4 Nc6 3. Nc3 dxc4
D07	Queen's Gambit Declined: Chigorin Defense, Exchange Variation	1. d4 d5 2. c4 Nc6 3. cxd5 Qxd5
D07	Queen's Gambit Declined: Chigorin Defense, Exchange Variation, Costa's Line	1. d4 d5 2. c4 Nc6 3. cxd5 Qxd5 4. e3 e5 5. Nc3 Bb4 6. Bd2 Bxc3 7. Bxc3 exd4 8. Ne2
D07	Queen's Gambit Declined: Chigorin Defense, Janowski Variation	1. d4 d5 2. c4 Nc6 3. Nc3 dxc4 4. Nf3
D07	Queen's Gambit Declined: Chigorin Defense, Lazard Gambit	1. d4 d5 2. c4 Nc6 3. Nf3 e5
D07	Queen's Gambit Declined: Chigorin Defense, Main Line	1. d4 d5 2. c4 Nc6 3. Nf3 Bg4
D07	Queen's Gambit Declined: Chigorin Defense, Main Line, Alekhine Variation	1. d4 d5 2. c4 Nc6 3. Nf3 Bg4 4. Qa4
D07	Queen's Gambit Declined: Chigorin Defense, Modern Gambit	1. d4 d5 2. c4 Nc6 3. Nc3 dxc4 4. Nf3 Nf6
D07	Queen's Gambit Declined: Chigorin Defense, Tartakower Gambit	1. d4 d5 2. c4 Nc6 3. Nc3 e5
D08	Queen's Gambit Declined: Albin Countergambit	1. d4 d5 2. c4 e5
D08	Queen's Gambit Declined: Albin Countergambit, Balogh Variation	1. d4 d5 2. c4 e5 3. dxe5 d4 4. Nf3 Nc6 5. Nbd2 Qe7
D08	Queen's Gambit Declined: Albin Countergambit, Janowski Variation	1. d4 d5 2. c4 e5 3. dxe5 d4 4. Nf3 Nc6 5. Nbd2 f6
D08	Queen's Gambit Declined: Albin Countergambit, Krenosz Variation	1. d4 d5 2. c4 e5 3. dxe5 d4 4. Nf3 Nc6 5. Nbd2 Bg4 6. h3 Bxf3 7. Nxf3 Bb4+ 8. Bd2 Qe7
D08	Queen's Gambit Declined: Albin Countergambit, Lasker Trap	1. d4 d5 2. c4 e5 3. dxe5 d4 4. e3 Bb4+ 5. Bd2 dxe3
D08	Queen's Gambit Declined: Albin Countergambit, Modern Line	1. d4 d5 2. c4 e5 3. dxe5 d4 4. Nf3 Nc6 5. Nbd2
D08	Queen's Gambit Declined: Albin Countergambit, Normal Line	1. d4 d5 2. c4 e5 3. dxe5 d4 4. Nf3
D08	Queen's Gambit Declined: Albin Countergambit, Tartakower Defense	1. d4 d5 2. c4 e5 3. dxe5 d4 4. Nf3 c5
D09	Queen's Gambit Declined: Albin Countergambit, Fianchetto Variation	1. d4 d5 2. c4 e5 3. dxe5 d4 4. Nf3 Nc6 5. g3
D09	Queen's Gambit Declined: Albin Countergambit, Fianchetto Variation, Be6 Line	1. d4 d5 2. c4 e5 3. dxe5 d4 4. Nf3 Nc6 5. g3 Be6
D09	Queen's Gambit Declined: Albin Countergambit, Fianchetto Variation, Bf5 Line	1. d4 d5 2. c4 e5 3. dxe5 d4 4. Nf3 Nc6 5. g3 Bf5
D09	Queen's Gambit Declined: Albin Countergambit, Fianchetto Variation, Bg4 Line	1. d4 d5 2. c4 e5 3. dxe5 d4 4. Nf3 Nc6 5. g3 Bg4
D10	Slav Defense	1. d4 d5 2. c4 c6
D10	Slav Defense	1. d4 d5 2. c4 c6 3. Nc3
D10	Slav Defense	1. d4 d5 2. c4 c6 3. Nc3 dxc4
D10	Slav Defense: Diemer Gambit	1. d4 d5 2. c4 c6 3. e4
D10	Slav Defense: Exchange Variation	1. d4 d5 2. c4 c6 3. cxd5
D10	Slav Defense: Exchange Variation, Boor Attack	1. d4 d5 2. c4 c6 3. cxd5 cxd5 4. Nc3 Nf6 5. f3
D10	Slav Defense: Slav Gambit, Alekhine Attack	1. d4 d5 2. c4 c6 3. Nc3 dxc4 4. e4
D10	Slav Defense: Winawer Countergambit	1. d4 d5 2. c4 c6 3. Nc3 e5
D10	Slav Defense: Winawer Countergambit, Anti-Winawer Gambit	1. d4 d5 2. c4 c6 3. Nc3 e5 4. e4
D11	Slav Defense: Bonet Gambit	1. d4 d5 2. c4 c6 3. Nf3 Nf6 4. Bg5
D11	Slav Defense: Breyer Variation	1. d4 d5 2. c4 c6 3. Nf3 Nf6 4. Nbd2
D11	Slav Defense: Modern Line	1. d4 d5 2. c4 c6 3. Nf3
D11	Slav Defense: Modern Line	1. d4 d5 2. c4 c6 3. Nf3 Nf6 4. g3 dxc4 5. Bg2 g6
D11	Slav Defense: Quiet Variation	1. d4 d5 2. c4 c6 3. Nf3 Nf6 4. e3
D11	Slav Defense: Quiet Variation, Pin Defense	1. d4 d5 2. c4 c6 3. Nf3 Nf6 4. e3 Bg4
D12	Slav Defense: Quiet Variation, Amsterdam Variation	1. d4 d5 2. c4 c6 3. Nf3 Nf6 4. e3 Bf5 5. cxd5 cxd5 6. Nc3 e6 7. Ne5 Nfd7
D12	Slav Defense: Quiet Variation, Landau Variation	1. d4 d5 2. c4 c6 3. Nf3 Nf6 4. e3 Bf5 5. cxd5 cxd5 6. Qb3 Qc8 7. Bd2 e6 8. Na3
D12	Slav Defense: Quiet Variation, Schallopp Defense	1. d4 d5 2. c4 c6 3. Nf3 Nf6 4. e3 Bf5
D13	Slav Defense: Exchange Variation	1. d4 d5 2. c4 c6 3. Nf3 Nf6 4. cxd5 cxd5
D13	Slav Defense: Exchange Variation, Schallopp Variation	1. d4 d5 2. c4 c6 3. Nf3 Nf6 4. e3 Bf5 5. cxd5 cxd5 6. Nc3
D14	Slav Defense: Exchange Variation, Symmetrical Line	1. d4 d5 2. c4 c6 3. cxd5 cxd5 4. Nc3 Nf6 5. Nf3 Nc6 6. Bf4 Bf5
D14	Slav Defense: Exchange Variation, Trifunovic Variation	1. d4 d5 2. c4 c6 3. Nf3 Nf6 4. cxd5 cxd5 5. Nc3 Nc6 6. Bf4 Bf5 7. e3 e6 8. Qb3 Bb4
D15	Slav Defense: Alekhine Variation	1. d4 d5 2. c4 c6 3. Nf3 Nf6 4. Nc3 dxc4 5. e3
D15	Slav Defense: Chebanenko Variation	1. d4 d5 2. c4 c6 3. Nf3 Nf6 4. Nc3 a6
D15	Slav Defense: Chebanenko Variation, Advance System	1. d4 d5 2. c4 c6 3. Nf3 Nf6 4. Nc3 a6 5. c5
D15	Slav Defense: Geller Gambit	1. d4 d5 2. c4 c6 3. Nf3 Nf6 4. Nc3 dxc4 5. e4
D15	Slav Defense: Geller Gambit	1. d4 d5 2. c4 c6 3. Nf3 Nf6 4. Nc3 dxc4 5. e4 b5 6. e5
D15	Slav Defense: Schlechter Variation	1. d4 d5 2. c4 c6 3. Nf3 Nf6 4. Nc3 g6
D15	Slav Defense: Süchting Variation	1. d4 d5 2. c4 c6 3. Nf3 Nf6 4. Nc3 Qb6
D15	Slav Defense: Three Knights Variation	1. d4 d5 2. c4 c6 3. Nf3 Nf6 4. Nc3
D15	Slav Defense: Two Knights Attack	1. d4 d5 2. c4 c6 3. Nf3 Nf6 4. Nc3 dxc4
D16	Slav Defense: Alapin Variation	1. d4 d5 2. c4 c6 3. Nf3 Nf6 4. Nc3 dxc4 5. a4
D16	Slav Defense: Smyslov Variation	1. d4 d5 2. c4 c6 3. Nf3 Nf6 4. Nc3 dxc4 5. a4 Na6
D16	Slav Defense: Soultanbeieff Variation	1. d4 d5 2. c4 c6 3. Nf3 Nf6 4. Nc3 dxc4 5. a4 e6
D16	Slav Defense: Steiner Variation	1. d4 d5 2. c4 c6 3. Nf3 Nf6 4. Nc3 dxc4 5. a4 Bg4
D17	Slav Defense: Czech Variation	1. d4 d5 2. c4 c6 3. Nf3 Nf6 4. Nc3 dxc4 5. a4 Bf5
D17	Slav Defense: Czech Variation, Bled Attack	1. d4 d5 2. c4 c6 3. Nf3 Nf6 4. Nc3 dxc4 5. a4 Bf5 6. Nh4
D17	Slav Defense: Czech Variation, Carlsbad Variation	1. d4 d5 2. c4 c6 3. Nf3 Nf6 4. Nc3 dxc4 5. a4 Bf5 6. Ne5 Nbd7 7. Nxc4 Qc7 8. g3 e5
D17	Slav Defense: Czech Variation, Carlsbad Variation, Morozevich Variation	1. d4 d5 2. c4 c6 3. Nf3 Nf6 4. Nc3 dxc4 5. a4 Bf5 6. Ne5 Nbd7 7. Nxc4 Qc7 8. g3 e5 9. dxe5 Nxe5 10. Bf4 Nfd7 11. Bg2 g5
D17	Slav Defense: Czech Variation, Krause Attack	1. d4 d5 2. c4 c6 3. Nf3 Nf6 4. Nc3 dxc4 5. a4 Bf5 6. Ne5
D17	Slav Defense: Czech Variation, Krause Attack, Fazekas Gambit	1. d4 d5 2. c4 c6 3. Nf3 Nf6 4. Nc3 dxc4 5. a4 Bf5 6. Ne5 Na6 7. e4
D17	Slav Defense: Czech Variation, Wiesbaden Variation	1. d4 d5 2. c4 c6 3. Nf3 Nf6 4. Nc3 dxc4 5. a4 Bf5 6. Ne5 e6
D17	Slav Defense: Czech Variation, Wiesbaden Variation, Sharp Line	1. d4 d5 2. c4 c6 3. Nf3 Nf6 4. Nc3 dxc4 5. a4 Bf5 6. Ne5 e6 7. f3 Bb4 8. e4
D18	Slav Defense: Czech Variation, Classical System	1. d4 d5 2. c4 c6 3. Nf3 Nf6 4. Nc3 dxc4 5. a4 Bf5 6. e3
D18	Slav Defense: Czech Variation, Lasker Variation	1. d4 d5 2. c4 c6 3. Nf3 Nf6 4. Nc3 dxc4 5. a4 Bf5 6. e3 Na6
D19	Slav Defense: Czech Variation, Classical System, Main Line	1. d4 d5 2. c4 c6 3. Nf3 Nf6 4. Nc3 dxc4 5. a4 Bf5 6. e3 e6 7. Bxc4 Bb4 8. O-O O-O 9. Qe2
D19	Slav Defense: Czech Variation, Dutch Variation	1. d4 d5 2. c4 c6 3. Nf3 Nf6 4. Nc3 dxc4 5. a4 Bf5 6. e3 e6 7. Bxc4 Bb4 8. O-O
D19	Slav Defense: Czech Variation, Dutch Variation, Sämisch Variation	1. d4 d5 2. c4 c6 3. Nf3 Nf6 4. Nc3 dxc4 5. a4 Bf5 6. e3 e6 7. Bxc4 Bb4 8. O-O O-O 9. Qe2 Ne4 10. g4
D20	Queen's Gambit Accepted	1. d4 d5 2. c4 dxc4
D20	Queen's Gambit Accepted: Accelerated Mannheim Variation	1. d4 d5 2. c4 dxc4 3. Qa4+
D20	Queen's Gambit Accepted: Central Variation, Alekhine System	1. d4 d5 2. c4 dxc4 3. e4 Nf6
D20	Queen's Gambit Accepted: Central Variation, Greco Variation	1. d4 d5 2. c4 dxc4 3. e4 b5
D20	Queen's Gambit Accepted: Central Variation, McDonnell Defense	1. d4 d5 2. c4 dxc4 3. e4 e5
D20	Queen's Gambit Accepted: Central Variation, McDonnell Defense, Somov Gambit	1. d4 d5 2. c4 dxc4 3. e4 e5 4. Bxc4
D20	Queen's Gambit Accepted: Central Variation, Modern Defense	1. d4 d5 2. c4 dxc4 3. e4 Nc6
D20	Queen's Gambit Accepted: Central Variation, Rubinstein Defense	1. d4 d5 2. c4 dxc4 3. e4 c5
D20	Queen's Gambit Accepted: Central Variation, Rubinstein Defense, Yefimov Gambit	1. d4 d5 2. c4 dxc4 3. e4 c5 4. d5 b5
D20	Queen's Gambit Accepted: Linares Variation	1. d4 d5 2. c4 dxc4 3. e4 c5 4. d5 Nf6 5. Nc3 b5
D20	Queen's Gambit Accepted: Old Variation	1. d4 d5 2. c4 dxc4 3. e3
D20	Queen's Gambit Accepted: Old Variation, Billinger Gambit	1. d4 d5 2. c4 dxc4 3. e3 e5 4. Bxc4 exd4 5. Qb3 Qe7 6. a3
D20	Queen's Gambit Accepted: Old Variation, Christensen Gambit	1. d4 d5 2. c4 dxc4 3. e3 e5 4. Bxc4 exd4 5. Qb3 Qe7 6. Nf3
D20	Queen's Gambit Accepted: Old Variation, Korchnoi Gambit	1. d4 d5 2. c4 dxc4 3. e3 e5 4. Bxc4 exd4 5. Qb3 Qe7 6. Kf1
D20	Queen's Gambit Accepted: Old Variation, Novikov Gambit	1. d4 d5 2. c4 dxc4 3. e3 e5 4. Bxc4 exd4 5. Qb3 Qe7 6. Nd2
D20	Queen's Gambit Accepted: Saduleto Variation	1. d4 d5 2. c4 dxc4 3. e4
D20	Queen's Gambit Accepted: Schwartz Defense	1. d4 d5 2. c4 dxc4 3. e4 f5
D21	Queen's Gambit Accepted: Alekhine Defense, Borisenko-Furman Variation	1. d4 d5 2. c4 dxc4 3. Nf3 a6 4. e4
D21	Queen's Gambit Accepted: Godes Variation	1. d4 d5 2. c4 dxc4 3. Nf3 Nd7
D21	Queen's Gambit Accepted: Gunsberg Defense	1. d4 d5 2. c4 dxc4 3. Nf3 c5
D21	Queen's Gambit Accepted: Normal Variation	1. d4 d5 2. c4 dxc4 3. Nf3
D21	Queen's Gambit Accepted: Rosenthal Variation	1. d4 d5 2. c4 dxc4 3. Nf3 e6
D21	Queen's Gambit Accepted: Slav Gambit	1. d4 d5 2. c4 dxc4 3. Nf3 b5
D22	Queen's Gambit Accepted: Alekhine Defense	1. d4 d5 2. c4 dxc4 3. Nf3 a6
D22	Queen's Gambit Accepted: Alekhine Defense, Alatortsev Variation	1. d4 d5 2. c4 dxc4 3. Nf3 a6 4. e3 Bg4 5. Bxc4 e6 6. d5
D22	Queen's Gambit Accepted: Alekhine Defense, Haberditz Variation	1. d4 d5 2. c4 dxc4 3. Nf3 a6 4. e3 b5
D23	Queen's Gambit Accepted	1. d4 d5 2. c4 dxc4 3. Nf3 Nf6
D23	Queen's Gambit Accepted: Mannheim Variation	1. d4 d5 2. c4 dxc4 3. Nf3 Nf6 4. Qa4+
D24	Queen's Gambit Accepted	1. d4 d5 2. c4 e6 3. Nf3 Nf6 4. Nc3 dxc4 5. e4
D24	Queen's Gambit Accepted: Bogoljubow Defense	1. d4 d5 2. c4 dxc4 3. Nf3 Nf6 4. Nc3 a6 5. e4
D24	Queen's Gambit Accepted: Gunsberg Defense, Prianishenmo Gambit	1. d4 d5 2. c4 dxc4 3. Nf3 Nf6 4. Nc3 c5 5. d5 e6 6. e4 exd5 7. e5
D24	Queen's Gambit Accepted: Showalter Variation	1. d4 d5 2. c4 dxc4 3. Nf3 Nf6 4. Nc3
D25	Queen's Gambit Accepted: Janowski-Larsen Variation	1. d4 d5 2. c4 dxc4 3. Nf3 Nf6 4. e3 Bg4
D25	Queen's Gambit Accepted: Normal Variation	1. d4 d5 2. c4 dxc4 3. Nf3 Nf6 4. e3
D25	Queen's Gambit Accepted: Smyslov Variation	1. d4 d5 2. c4 dxc4 3. Nf3 Nf6 4. e3 g6
D25	Queen's Gambit Accepted: Winawer Defense	1. d4 d5 2. c4 dxc4 3. Nf3 Nf6 4. e3 Be6
D26	Queen's Gambit Accepted: Classical Defense	1. d4 d5 2. c4 dxc4 3. Nf3 Nf6 4. e3 e6 5. Bxc4 c5
D26	Queen's Gambit Accepted: Classical Defense, Normal Line	1. d4 d5 2. c4 dxc4 3. Nf3 Nf6 4. e3 e6 5. Bxc4 c5 6. O-O
D26	Queen's Gambit Accepted: Classical Defense, Steinitz Variation, Development Variation	1. d4 d5 2. c4 dxc4 3. Nf3 Nf6 4. e3 e6 5. Bxc4 c5 6. O-O Nc6
D26	Queen's Gambit Accepted: Classical Defense, Steinitz Variation, Exchange Variation	1. d4 d5 2. c4 dxc4 3. Nf3 Nf6 4. e3 e6 5. Bxc4 c5 6. O-O cxd4
D26	Queen's Gambit Accepted: Classical, Furman Variation	1. d4 d5 2. c4 dxc4 3. Nf3 Nf6 4. e3 e6 5. Bxc4 c5 6. Qe2 a6 7. dxc5 Bxc5 8. O-O Nc6 9. e4 b5 10. e5
D26	Queen's Gambit Accepted: Normal Variation, Traditional System	1. d4 d5 2. c4 dxc4 3. Nf3 Nf6 4. e3 e6
D27	Queen's Gambit Accepted: Classical Defense, Main Line	1. d4 d5 2. c4 dxc4 3. Nf3 Nf6 4. e3 e6 5. Bxc4 c5 6. O-O a6
D27	Queen's Gambit Accepted: Classical Defense, Rubinstein Variation	1. d4 d5 2. c4 dxc4 3. Nf3 Nf6 4. e3 e6 5. Bxc4 c5 6. O-O a6 7. a4
D27	Queen's Gambit Accepted: Classical Defense, Russian Gambit	1. d4 d5 2. c4 dxc4 3. e3 Nf6 4. Bxc4 e6 5. Nf3 c5 6. O-O a6 7. e4
D27	Queen's Gambit Accepted: Furman Variation	1. d4 d5 2. c4 dxc4 3. Nf3 Nf6 4. e3 e6 5. Bxc4 c5 6. O-O a6 7. dxc5 Bxc5
D28	Queen's Gambit Accepted: Classical Defense, Alekhine System	1. d4 d5 2. c4 dxc4 3. Nf3 Nf6 4. e3 e6 5. Bxc4 c5 6. O-O a6 7. Qe2
D28	Queen's Gambit Accepted: Classical Defense, Alekhine System	1. d4 d5 2. c4 dxc4 3. Nf3 Nf6 4. e3 e6 5. Bxc4 c5 6. O-O a6 7. Qe2 b5
D28	Queen's Gambit Accepted: Classical, Flohr Variation	1. d4 d5 2. c4 dxc4 3. Nf3 Nf6 4. e3 e6 5. Bxc4 c5 6. O-O a6 7. Qe2 b5 8. Bb3 Nc6 9. Rd1 c4 10. Bc2 Nb4 11. Nc3 Nxc2 12. Qxc2 Bb7 13. d5 Qc7
D29	Queen's Gambit Accepted: Classical Defense, Alekhine System, Main Line	1. d4 d5 2. c4 dxc4 3. Nf3 Nf6 4. e3 e6 5. Bxc4 c5 6. O-O a6 7. Qe2 b5 8. Bb3 Bb7
D29	Queen's Gambit Accepted: Classical Defense, Alekhine System, Smyslov Variation	1. d4 d5 2. c4 dxc4 3. Nf3 Nf6 4. e3 e6 5. Bxc4 c5 6. O-O a6 7. Qe2 b5 8. Bb3 Bb7 9. Rd1 Nbd7 10. Nc3 Bd6
D30	Queen's Gambit Declined	1. d4 d5 2. c4 e6
D30	Queen's Gambit Declined: Capablanca Variation	1. d4 Nf6 2. c4 e6 3. Nf3 d5 4. Bg5 h6
D30	Queen's Gambit Declined: Capablanca Variation	1. d4 Nf6 2. Nf3 e6 3. c4 d5 4. Bg5 c6 5. Nbd2 Nbd7 6. e3
D30	Queen's Gambit Declined: Semmering Variation	1. d4 d5 2. c4 c6 3. Nf3 Nf6 4. e3 e6 5. Nbd2 Nbd7 6. Bd3 c5
D30	Queen's Gambit Declined: Spielmann Variation	1. d4 d5 2. c4 e6 3. Nf3 Nf6 4. e3 c6 5. Nbd2 g6
D30	Queen's Gambit Declined: Stonewall Variation	1. d4 d5 2. c4 c6 3. Nf3 Nf6 4. e3 e6 5. Nbd2 Ne4 6. Bd3 f5
D30	Queen's Gambit Declined: Tarrasch Defense, Pseudo-Tarrasch	1. d4 d5 2. c4 e6 3. Nf3 c5
D30	Queen's Gambit Declined: Tarrasch Defense, Pseudo-Tarrasch Bishop Attack	1. d4 d5 2. c4 e6 3. Nf3 c5 4. cxd5 exd5 5. Bg5
D30	Queen's Gambit Declined: Traditional Variation	1. d4 Nf6 2. c4 e6 3. Nf3 d5 4. Bg5
D30	Queen's Gambit Declined: Vienna Variation	1. d4 Nf6 2. c4 e6 3. Nf3 d5 4. Bg5 Bb4+
D30	Semi-Slav Defense: Quiet Variation	1. d4 d5 2. c4 c6 3. Nf3 Nf6 4. e3 e6 5. Nbd2
D30	Semi-Slav Defense: Quiet Variation	1. d4 d5 2. c4 c6 3. Nf3 Nf6 4. e3 e6 5. Nbd2 Nbd7
D31	Queen's Gambit Declined: Alapin Variation	1. d4 e6 2. c4 b6 3. Nc3 d5
D31	Queen's Gambit Declined: Charousek Variation	1. d4 d5 2. c4 e6 3. Nc3 Be7
D31	Queen's Gambit Declined: Charousek Variation, Miladinovic Gambit	1. d4 d5 2. c4 e6 3. Nc3 Be7 4. e4 dxe4 5. f3
D31	Queen's Gambit Declined: Janowski Variation	1. d4 d5 2. c4 e6 3. Nc3 a6
D31	Queen's Gambit Declined: Queen's Knight Variation	1. d4 d5 2. c4 e6 3. Nc3
D31	Queen's Gambit Declined: Semi-Slav, Abrahams Variation	1. d4 d5 2. c4 e6 3. Nc3 c6 4. Nf3 dxc4 5. a4 Bb4 6. e3 b5 7. Bd2 a5
D31	Queen's Gambit Declined: Semi-Slav, Junge Variation	1. d4 d5 2. c4 e6 3. Nf3 c6 4. Nc3 dxc4 5. a4 Bb4 6. e3 b5 7. Bd2 Qb6
D31	Queen's Gambit Declined: Semi-Slav, Koomen Variation	1. d4 d5 2. c4 e6 3. Nc3 c6 4. Nf3 dxc4 5. e3 b5 6. a4 Bb4 7. Bd2 Qe7
D31	Queen's Gambit Declined: Uhlmann Variation	1. d4 d5 2. c4 e6 3. Nc3 Be7 4. Nf3 Nf6 5. Bg5 h6 6. Bh4 O-O 7. Rc1 dxc4
D31	Semi-Slav Defense: Accelerated Move Order	1. d4 d5 2. c4 e6 3. Nc3 c6
D31	Semi-Slav Defense: Anti-Noteboom, Stonewall Variation, Portisch Gambit	1. d4 d5 2. c4 e6 3. Nc3 c6 4. e3 f5 5. g4
D31	Semi-Slav Defense: Gunderam Gambit	1. d4 d5 2. c4 e6 3. Nc3 c6 4. e4 dxe4 5. f3
D31	Semi-Slav Defense: Marshall Gambit	1. d4 d5 2. c4 e6 3. Nc3 c6 4. e4
D31	Semi-Slav Defense: Marshall Gambit, Forgotten Variation	1. d4 d5 2. c4 e6 3. Nc3 c6 4. e4 dxe4 5. Nxe4 Bb4+ 6. Nc3
D31	Semi-Slav Defense: Marshall Gambit, Main Line	1. d4 d5 2. c4 e6 3. Nc3 c6 4. e4 dxe4 5. Nxe4 Bb4+ 6. Bd2
D31	Semi-Slav Defense: Marshall Gambit, Tolush Variation	1. d4 d5 2. c4 e6 3. Nc3 c6 4. e4 dxe4 5. Nxe4 Bb4+ 6. Bd2 Qxd4 7. Bxb4 Qxe4+ 8. Be2 c5 9. Bxc5 Qxg2
D31	Semi-Slav Defense: Noteboom Variation	1. d4 d5 2. c4 e6 3. Nc3 c6 4. Nf3 dxc4
D31	Semi-Slav Defense: Noteboom Variation, Abrahams Variation	1. d4 d5 2. c4 e6 3. Nc3 c6 4. Nf3 dxc4 5. a4 Bb4 6. e3 Bxc3+ 7. bxc3 b5 8. axb5 cxb5
D31	Semi-Slav Defense: Noteboom Variation, Anti-Noteboom Gambit	1. d4 d5 2. c4 e6 3. Nc3 c6 4. Nf3 dxc4 5. g3
D31	Semi-Slav Defense: Noteboom Variation, Anti-Noteboom Variation	1. d4 d5 2. c4 e6 3. Nc3 c6 4. Nf3 dxc4 5. Bg5
D31	Semi-Slav Defense: Noteboom Variation, Anti-Noteboom Variation, Belyavsky Line	1. d4 d5 2. c4 e6 3. Nc3 c6 4. Nf3 dxc4 5. Bg5 f6
D32	Queen's Gambit Declined: Tarrasch Defense	1. d4 d5 2. c4 e6 3. Nc3 c5 4. cxd5 exd5
D32	Tarrasch Defense	1. d4 d5 2. c4 e6 3. Nc3 c5
D32	Tarrasch Defense: Grünfeld Gambit	1. d4 d5 2. c4 e6 3. Nc3 c5 4. cxd5 exd5 5. Nf3 Nc6 6. dxc5 d4 7. Na4 b5
D32	Tarrasch Defense: Marshall Gambit	1. d4 d5 2. c4 e6 3. Nc3 c5 4. cxd5 exd5 5. e4
D32	Tarrasch Defense: Schara Gambit	1. d4 d5 2. c4 e6 3. Nc3 c5 4. cxd5 cxd4
D32	Tarrasch Defense: Symmetrical Variation	1. d4 d5 2. c4 e6 3. Nc3 c5 4. e3 Nf6 5. Nf3 Nc6
D32	Tarrasch Defense: Tarrasch Gambit	1. d4 d5 2. c4 e6 3. Nc3 c5 4. cxd5 exd5 5. dxc5 d4 6. Na4 b5
D32	Tarrasch Defense: Two Knights Variation	1. d4 d5 2. c4 e6 3. Nc3 c5 4. cxd5 exd5 5. Nf3
D32	Tarrasch Defense: von Hennig Gambit	1. d4 d5 2. c4 e6 3. Nc3 c5 4. cxd5 cxd4 5. Qxd4 Nc6 6. Qd1 exd5 7. Qxd5 Be6
D33	Tarrasch Defense: Dubov Tarrasch	1. d4 d5 2. c4 e6 3. Nc3 c5 4. cxd5 exd5 5. Nf3 Nc6 6. g3 Nf6 7. Bg2 cxd4 8. Nxd4 Bc5
D33	Tarrasch Defense: Prague Variation	1. d4 d5 2. c4 e6 3. Nc3 c5 4. cxd5 exd5 5. Nf3 Nc6 6. g3 Nf6
D33	Tarrasch Defense: Rubinstein System	1. d4 d5 2. c4 e6 3. Nc3 c5 4. cxd5 exd5 5. Nf3 Nc6 6. g3
D33	Tarrasch Defense: Swedish Variation	1. d4 d5 2. c4 e6 3. Nc3 c5 4. cxd5 exd5 5. Nf3 Nc6 6. g3 c4
D33	Tarrasch Defense: Swedish Variation, Central Break	1. d4 d5 2. c4 e6 3. Nc3 c5 4. cxd5 exd5 5. Nf3 Nc6 6. g3 c4 7. e4
D33	Tarrasch Defense: Wagner Variation	1. d4 d5 2. c4 e6 3. Nc3 c5 4. cxd5 exd5 5. Nf3 Nc6 6. g3 Nf6 7. Bg2 Bg4
D34	Queen's Gambit Declined: Tarrasch Defense, Stoltz Variation	1. d4 d5 2. c4 e6 3. Nf3 c5 4. cxd5 exd5 5. g3 Nc6 6. Bg2 Nf6 7. O-O Be7 8. Nc3 O-O 9. Bg5 Be6 10. Rc1 b6
D34	Tarrasch Defense: Classical Variation	1. d4 d5 2. c4 e6 3. Nc3 c5 4. cxd5 exd5 5. Nf3 Nc6 6. g3 Nf6 7. Bg2 Be7 8. O-O O-O
D34	Tarrasch Defense: Classical Variation, Advance Variation	1. d4 d5 2. c4 e6 3. Nc3 c5 4. cxd5 exd5 5. Nf3 Nc6 6. g3 Nf6 7. Bg2 Be7 8. O-O O-O 9. Bg5 c4
D34	Tarrasch Defense: Classical Variation, Bogoljubow Variation	1. d4 Nf6 2. c4 e6 3. Nc3 c5 4. Nf3 d5 5. cxd5 exd5 6. g3 Nc6 7. Bg2 Be7 8. O-O O-O 9. Bg5 Be6 10. Rc1 c4
D34	Tarrasch Defense: Classical Variation, Carlsbad Variation	1. d4 d5 2. c4 e6 3. Nc3 c5 4. cxd5 exd5 5. Nf3 Nc6 6. g3 Nf6 7. Bg2 Be7 8. O-O O-O 9. Bg5
D34	Tarrasch Defense: Classical Variation, Chandler Variation	1. d4 d5 2. c4 e6 3. Nc3 c5 4. cxd5 exd5 5. Nf3 Nc6 6. g3 Nf6 7. Bg2 Be7 8. O-O O-O 9. Bg5 cxd4 10. Nxd4 h6 11. Be3 Re8 12. Rc1 Be6
D34	Tarrasch Defense: Classical Variation, Classical Tarrasch Gambit	1. d4 d5 2. c4 e6 3. Nc3 c5 4. cxd5 exd5 5. Nf3 Nc6 6. g3 Nf6 7. Bg2 Be7 8. O-O O-O 9. dxc5 d4
D34	Tarrasch Defense: Classical Variation, Endgame Variation	1. d4 d5 2. c4 e6 3. Nc3 c5 4. cxd5 exd5 5. Nf3 Nc6 6. g3 Nf6 7. Bg2 Be7 8. O-O O-O 9. Bg5 Be6
D34	Tarrasch Defense: Classical Variation, Main Line	1. d4 d5 2. c4 e6 3. Nc3 c5 4. cxd5 exd5 5. Nf3 Nc6 6. g3 Nf6 7. Bg2 Be7 8. O-O O-O 9. Bg5 cxd4 10. Nxd4 h6 11. Be3 Re8
D34	Tarrasch Defense: Classical Variation, Petursson Variation	1. d4 d5 2. c4 e6 3. Nc3 c5 4. cxd5 exd5 5. Nf3 Nc6 6. g3 Nf6 7. Bg2 Be7 8. O-O O-O 9. Bg5 cxd4 10. Nxd4 Re8
D34	Tarrasch Defense: Classical Variation, Réti Variation	1. d4 d5 2. c4 e6 3. Nc3 c5 4. cxd5 exd5 5. Nf3 Nc6 6. g3 Nf6 7. Bg2 Be7 8. O-O O-O 9. dxc5 Bxc5 10. Na4
D34	Tarrasch Defense: Classical Variation, Spassky Variation	1. d4 d5 2. c4 e6 3. Nc3 c5 4. cxd5 exd5 5. Nf3 Nc6 6. g3 Nf6 7. Bg2 Be7 8. O-O O-O 9. Bg5 cxd4 10. Nxd4 h6 11. Be3 Bg4
D34	Tarrasch Defense: Prague Variation, Main Line	1. d4 d5 2. c4 e6 3. Nc3 c5 4. cxd5 exd5 5. Nf3 Nc6 6. g3 Nf6 7. Bg2 Be7
D35	Queen's Gambit Declined: Exchange Variation	1. d4 Nf6 2. c4 e6 3. Nc3 d5 4. cxd5
D35	Queen's Gambit Declined: Exchange Variation, Chameleon Variation	1. d4 Nf6 2. c4 e6 3. Nc3 d5 4. cxd5 exd5 5. Bg5 Be7 6. e3 O-O 7. Bd3 Nbd7 8. Qc2 Re8 9. Nge2 Nf8 10. O-O-O
D35	Queen's Gambit Declined: Exchange Variation, Positional Variation	1. d4 Nf6 2. c4 e6 3. Nc3 d5 4. cxd5 exd5 5. Bg5
D35	Queen's Gambit Declined: Exchange Variation, Positional Variation	1. d4 Nf6 2. c4 e6 3. Nc3 d5 4. cxd5 exd5 5. Bg5 c6
D35	Queen's Gambit Declined: Exchange Variation, Sämisch Variation	1. d4 Nf6 2. c4 e6 3. Nf3 d5 4. Nc3 Nbd7 5. cxd5 exd5 6. Bf4
D35	Queen's Gambit Declined: Harrwitz Attack	1. d4 d5 2. c4 e6 3. Nc3 Nf6 4. Bf4
D35	Queen's Gambit Declined: Normal Defense	1. d4 d5 2. c4 e6 3. Nc3 Nf6
D36	Queen's Gambit Declined: Exchange Variation, Reshevsky Variation	1. d4 Nf6 2. c4 e6 3. Nc3 d5 4. cxd5 exd5 5. Bg5 c6 6. Qc2
D37	Queen's Gambit Declined: Barmen Variation	1. d4 Nf6 2. c4 e6 3. Nf3 d5 4. Nc3 Nbd7
D37	Queen's Gambit Declined: Harrwitz Attack	1. d4 Nf6 2. c4 e6 3. Nf3 d5 4. Nc3 Be7 5. Bf4
D37	Queen's Gambit Declined: Harrwitz Attack	1. d4 Nf6 2. c4 e6 3. Nf3 d5 4. Nc3 Be7 5. Bf4 O-O 6. e3 c5 7. dxc5 Bxc5 8. Qc2 Nc6 9. Rd1 Qa5 10. a3
D37	Queen's Gambit Declined: Harrwitz Attack	1. d4 Nf6 2. c4 e6 3. Nf3 d5 4. Nc3 Be7 5. Bf4 O-O 6. e3 c5 7. dxc5 Bxc5 8. Qc2 Nc6 9. a3 Qa5 10. O-O-O
D37	Queen's Gambit Declined: Harrwitz Attack, Fianchetto Defense	1. d4 d5 2. c4 e6 3. Nc3 Be7 4. Nf3 Nf6 5. Bf4 O-O 6. e3 b6
D37	Queen's Gambit Declined: Harrwitz Attack, Main Line	1. d4 Nf6 2. c4 e6 3. Nf3 d5 4. Nc3 Be7 5. Bf4 O-O 6. e3 c5 7. dxc5 Bxc5
D37	Queen's Gambit Declined: Harrwitz Attack, Orthodox Defense	1. d4 d5 2. c4 e6 3. Nc3 Nf6 4. Nf3 Be7 5. Bf4 O-O 6. e3 c6
D37	Queen's Gambit Declined: Harrwitz Attack, Two Knights Defense	1. d4 Nf6 2. c4 e6 3. Nf3 d5 4. Nc3 Be7 5. Bf4 O-O 6. e3 Nbd7
D37	Queen's Gambit Declined: Harrwitz Attack, Two Knights Defense, Blockade Line	1. d4 Nf6 2. c4 e6 3. Nc3 d5 4. Nf3 Be7 5. Bf4 O-O 6. e3 Nbd7 7. c5
D37	Queen's Gambit Declined: Knight Defense, Alekhine Gambit	1. d4 Nf6 2. c4 e6 3. Nf3 d5 4. Nc3 Nbd7 5. Bg5 h6 6. Bh4 dxc4
D37	Queen's Gambit Declined: Miles Variation	1. d4 Nf6 2. c4 e6 3. Nf3 d5 4. Nc3 Be7 5. Bg5 O-O 6. Qc2
D37	Queen's Gambit Declined: Three Knights Variation	1. d4 Nf6 2. c4 e6 3. Nf3 d5 4. Nc3
D37	Queen's Gambit Declined: Three Knights, Vienna Variation	1. d4 Nf6 2. c4 e6 3. Nf3 d5 4. Nc3 dxc4
D37	Queen's Gambit Declined: Vienna Variation, Quiet Variation	1. d4 Nf6 2. c4 e6 3. Nf3 d5 4. Nc3 dxc4 5. e3
D38	Queen's Gambit Declined: Ragozin Defense	1. d4 Nf6 2. c4 e6 3. Nf3 d5 4. Nc3 Bb4
D38	Queen's Gambit Declined: Ragozin Defense, Alekhine Variation	1. d4 Nf6 2. c4 e6 3. Nf3 d5 4. Nc3 Bb4 5. Qa4+
D38	Queen's Gambit Declined: Westphalian Variation	1. d4 Nf6 2. c4 e6 3. Nf3 d5 4. Nc3 Bb4 5. Bg5 Nbd7 6. e3 c5
D39	Queen's Gambit Declined: Ragozin Defense, Vienna Variation	1. d4 Nf6 2. c4 e6 3. Nf3 d5 4. Nc3 Bb4 5. Bg5 dxc4
D40	Queen's Gambit Declined: Semi-Tarrasch Defense	1. d4 Nf6 2. c4 e6 3. Nf3 d5 4. Nc3 c5
D40	Queen's Gambit Declined: Semi-Tarrasch Defense, Levenfish Variation	1. d4 d5 2. c4 e6 3. Nc3 Nf6 4. Nf3 c5 5. e3 Nc6 6. Bd3 Bd6 7. O-O O-O 8. Qe2 Qe7 9. dxc5 Bxc5 10. e4
D40	Queen's Gambit Declined: Semi-Tarrasch Defense, Pillsbury Variation	1. d4 d5 2. c4 e6 3. Nc3 Nf6 4. Nf3 c5 5. Bg5
D40	Queen's Gambit Declined: Semi-Tarrasch Defense, Symmetrical Variation	1. d4 d5 2. c4 e6 3. Nc3 Nf6 4. Nf3 c5 5. e3 Nc6 6. Bd3 Bd6 7. O-O O-O
D41	Queen's Gambit Declined: Semi-Tarrasch Defense	1. c4 c5 2. Nf3 Nf6 3. Nc3 Nc6 4. g3 d5 5. d4 e6
D41	Queen's Gambit Declined: Semi-Tarrasch Defense	1. d4 Nf6 2. c4 e6 3. Nf3 d5 4. Nc3 c5 5. cxd5
D41	Queen's Gambit Declined: Semi-Tarrasch Defense, Exchange Variation	1. d4 Nf6 2. c4 e6 3. Nf3 d5 4. Nc3 c5 5. cxd5 Nxd5 6. e4
D41	Queen's Gambit Declined: Semi-Tarrasch Defense, Kmoch Variation	1. d4 d5 2. c4 e6 3. Nc3 Nf6 4. Nf3 c5 5. cxd5 Nxd5 6. e4 Nxc3 7. bxc3 cxd4 8. cxd4 Bb4+ 9. Bd2 Bxd2+ 10. Qxd2 O-O 11. Bb5
D41	Queen's Gambit Declined: Semi-Tarrasch Defense, Pillsbury Variation	1. d4 Nf6 2. c4 e6 3. Nf3 d5 4. Nc3 c5 5. cxd5 Nxd5 6. e3
D41	Queen's Gambit Declined: Semi-Tarrasch Defense, San Sebastian Variation	1. d4 d5 2. c4 e6 3. Nc3 Nf6 4. cxd5 Nxd5 5. e4 Nxc3 6. bxc3 c5 7. Nf3 cxd4 8. cxd4 Bb4+ 9. Bd2 Qa5
D42	Queen's Gambit Declined: Semi-Tarrasch Defense, Main Line	1. d4 Nf6 2. c4 e6 3. Nf3 d5 4. Nc3 c5 5. cxd5 Nxd5 6. e3 Nc6 7. Bd3
D43	Queen's Gambit Declined: Hastings Variation	1. d4 d5 2. c4 c6 3. Nf3 Nf6 4. Nc3 e6 5. Bg5 h6 6. Bxf6 Qxf6 7. Qb3
D43	Semi-Slav Defense	1. d4 d5 2. c4 c6 3. Nf3 Nf6 4. Nc3 e6
D43	Semi-Slav Defense: Anti-Moscow Gambit	1. d4 d5 2. c4 c6 3. Nf3 Nf6 4. Nc3 e6 5. Bg5 h6 6. Bh4
D44	Semi-Slav Defense Accepted	1. d4 d5 2. c4 c6 3. Nf3 Nf6 4. Nc3 e6 5. Bg5 dxc4
D44	Semi-Slav Defense: Botvinnik Variation	1. d4 d5 2. c4 c6 3. Nf3 Nf6 4. Nc3 e6 5. Bg5 dxc4 6. e4
D44	Semi-Slav Defense: Botvinnik Variation	1. d4 d5 2. c4 c6 3. Nf3 Nf6 4. Nc3 e6 5. Bg5 dxc4 6. e4 b5 7. e5 h6 8. Bh4 g5 9. Nxg5
D44	Semi-Slav Defense: Botvinnik Variation, Alatortsev System	1. d4 Nf6 2. c4 e6 3. Nf3 d5 4. Nc3 c6 5. Bg5 dxc4 6. e4 b5 7. e5 h6 8. Bh4 g5 9. Nxg5 Nd5
D44	Semi-Slav Defense: Botvinnik Variation, Ekstrom Variation	1. d4 d5 2. c4 c6 3. Nf3 Nf6 4. Nc3 e6 5. Bg5 dxc4 6. e4 b5 7. e5 h6 8. Bh4 g5 9. exf6 gxh4 10. Ne5
D44	Semi-Slav Defense: Botvinnik Variation, Lilienthal Variation	1. d4 d5 2. c4 c6 3. Nf3 Nf6 4. Nc3 e6 5. Bg5 dxc4 6. e4 b5 7. e5 h6 8. Bh4 g5 9. Nxg5 hxg5 10. Bxg5 Nbd7 11. g3
D44	Semi-Slav Defense: Botvinnik Variation, Szabo Variation	1. d4 Nf6 2. c4 e6 3. Nf3 d5 4. Nc3 c6 5. Bg5 dxc4 6. e4 b5 7. e5 h6 8. Bh4 g5 9. Nxg5 hxg5 10. Bxg5 Nbd7 11. Qf3
D45	Semi-Slav Defense: Accelerated Meran Variation	1. d4 d5 2. c4 c6 3. Nc3 Nf6 4. e3 e6 5. Nf3 a6
D45	Semi-Slav Defense: Main Line	1. d4 d5 2. c4 c6 3. Nc3 Nf6 4. e3 e6 5. Nf3
D45	Semi-Slav Defense: Normal Variation	1. d4 d5 2. c4 c6 3. Nc3 Nf6 4. e3 e6 5. Nf3 Nbd7
D45	Semi-Slav Defense: Normal Variation	1. Nf3 d5 2. e3 Nf6 3. c4 c6 4. Nc3 e6 5. b3 Bd6 6. Bb2 O-O 7. d4 Nbd7
D45	Semi-Slav Defense: Normal Variation	1. d4 d5 2. c4 e6 3. Nc3 c6 4. Nf3 Nf6 5. e3 Nbd7 6. b3 Bd6 7. Bb2 O-O 8. Be2
D45	Semi-Slav Defense: Rubinstein System	1. d4 d5 2. c4 e6 3. Nc3 c6 4. Nf3 Nf6 5. e3 Nbd7 6. Ne5
D45	Semi-Slav Defense: Stoltz Variation	1. d4 d5 2. c4 c6 3. Nc3 Nf6 4. e3 e6 5. Nf3 Nbd7 6. Qc2
D45	Semi-Slav Defense: Stoltz Variation	1. d4 d5 2. c4 c6 3. Nc3 Nf6 4. e3 e6 5. Nf3 Nbd7 6. Qc2 b6 7. b3
D45	Semi-Slav Defense: Stoltz Variation	1. d4 d5 2. c4 c6 3. Nc3 Nf6 4. e3 e6 5. Nf3 Nbd7 6. Qc2 b6 7. b3 Bb7
D45	Semi-Slav Defense: Stoltz Variation	1. d4 d5 2. Nf3 Nf6 3. c4 c6 4. e3 e6 5. Nc3 Nbd7 6. Qc2 Bd6 7. b3
D45	Semi-Slav Defense: Stoltz Variation	1. d4 d5 2. Nf3 Nf6 3. c4 c6 4. e3 e6 5. Nc3 Nbd7 6. Qc2 Bd6 7. b3 O-O 8. Bb2
D45	Semi-Slav Defense: Stoltz Variation, Center Variation	1. d4 d5 2. c4 c6 3. Nf3 Nf6 4. Nc3 e6 5. e3 Nbd7 6. Qc2 Bd6 7. e4
D45	Semi-Slav Defense: Stoltz Variation, Center Variation, Mikhalchishin Line	1. d4 d5 2. c4 c6 3. Nf3 Nf6 4. Nc3 e6 5. e3 Nbd7 6. Qc2 Bd6 7. e4 dxe4 8. Nxe4 Nxe4 9. Qxe4 e5 10. dxe5
D45	Semi-Slav Defense: Stoltz Variation, Shabalov Attack	1. d4 d5 2. c4 c6 3. Nf3 Nf6 4. Nc3 e6 5. e3 Nbd7 6. Qc2 Bd6 7. g4
D45	Semi-Slav Defense: Stonewall Defense	1. d4 d5 2. Nf3 Nf6 3. c4 c6 4. Nc3 e6 5. e3 Ne4 6. Bd3 f5
D46	Semi-Slav Defense: Bogoljubow Variation	1. d4 d5 2. c4 c6 3. Nc3 Nf6 4. e3 e6 5. Nf3 Nbd7 6. Bd3 Be7
D46	Semi-Slav Defense: Chigorin Defense	1. d4 d5 2. c4 c6 3. Nc3 Nf6 4. e3 e6 5. Nf3 Nbd7 6. Bd3 Bd6
D46	Semi-Slav Defense: Chigorin Defense	1. d4 d5 2. c4 c6 3. Nc3 Nf6 4. e3 e6 5. Nf3 Nbd7 6. Bd3 Bd6 7. Qc2
D46	Semi-Slav Defense: Chigorin Defense	1. d4 d5 2. c4 c6 3. Nc3 Nf6 4. e3 e6 5. Nf3 Nbd7 6. b3 Bd6 7. Bb2 O-O 8. Bd3
D46	Semi-Slav Defense: Chigorin Defense	1. d4 d5 2. c4 c6 3. Nc3 Nf6 4. e3 e6 5. Nf3 Nbd7 6. Qc2 b6 7. b3 Bb7 8. Bd3
D46	Semi-Slav Defense: Chigorin Defense	1. d4 d5 2. c4 c6 3. Nc3 Nf6 4. e3 e6 5. Nf3 Nbd7 6. Qc2 Bd6 7. b3 O-O 8. Bb2 Re8 9. Bd3
D46	Semi-Slav Defense: Chigorin Defense	1. d4 d5 2. c4 c6 3. Nc3 Nf6 4. e3 e6 5. Nf3 Nbd7 6. Qc2 Bd6 7. b3 O-O 8. Bb2 Qe7 9. Bd3
D46	Semi-Slav Defense: Chigorin Defense	1. d4 d5 2. c4 c6 3. Nf3 e6 4. e3 Nf6 5. Nc3 Bd6 6. Bd3 dxc4 7. Bxc4 b5 8. Bd3 Nbd7 9. O-O O-O 10. Qc2
D46	Semi-Slav Defense: Chigorin Defense	1. d4 d5 2. c4 c6 3. Nc3 Nf6 4. e3 e6 5. Nf3 Nbd7 6. Bd3 dxc4 7. Bxc4 b5 8. Bd3 Bd6 9. O-O Bb7 10. a3 O-O 11. Qc2
D46	Semi-Slav Defense: Main Line	1. d4 d5 2. c4 c6 3. Nc3 Nf6 4. e3 e6 5. Nf3 Nbd7 6. Bd3
D46	Semi-Slav Defense: Main Line	1. d4 d5 2. c4 c6 3. Nc3 Nf6 4. e3 e6 5. Nf3 Nbd7 6. Qc2 b6 7. b3 Bb7 8. Bd3 Be7 9. O-O O-O 10. Bb2
D46	Semi-Slav Defense: Romih Variation	1. d4 d5 2. c4 c6 3. Nc3 Nf6 4. e3 e6 5. Nf3 Nbd7 6. Bd3 Bb4
D47	Semi-Slav Defense: Meran Variation	1. d4 d5 2. c4 c6 3. Nc3 Nf6 4. e3 e6 5. Nf3 Nbd7 6. Bd3 dxc4 7. Bxc4 b5
D47	Semi-Slav Defense: Meran Variation, Lundin Variation	1. d4 d5 2. c4 c6 3. Nf3 Nf6 4. Nc3 e6 5. e3 Nbd7 6. Bd3 dxc4 7. Bxc4 b5 8. Bd3 b4
D47	Semi-Slav Defense: Meran Variation, Wade Variation	1. d4 d5 2. c4 c6 3. Nc3 Nf6 4. e3 e6 5. Nf3 Nbd7 6. Bd3 dxc4 7. Bxc4 b5 8. Bd3 Bb7
D47	Semi-Slav Defense: Meran Variation, Wade Variation, Kaidanov Gambit	1. d4 d5 2. c4 c6 3. Nc3 Nf6 4. e3 e6 5. Nf3 Nbd7 6. Bd3 dxc4 7. Bxc4 b5 8. Bd3 Bb7 9. e4 b4 10. Na4 c5 11. e5 Nd5 12. O-O cxd4 13. Nxd4
D47	Semi-Slav Defense: Meran Variation, Wade Variation, Larsen Variation	1. d4 d5 2. c4 c6 3. Nc3 Nf6 4. e3 e6 5. Nf3 Nbd7 6. Bd3 dxc4 7. Bxc4 b5 8. Bd3 Bb7 9. e4 b4 10. Na4 c5 11. e5 Nd5
D47	Semi-Slav Defense: Semi-Meran Variation	1. d4 d5 2. c4 c6 3. Nc3 Nf6 4. e3 e6 5. Nf3 Nbd7 6. Bd3 dxc4 7. Bxc4
D48	Semi-Slav Defense: Meran Variation	1. d4 d5 2. c4 c6 3. Nc3 Nf6 4. e3 e6 5. Nf3 Nbd7 6. Bd3 dxc4 7. Bxc4 b5 8. Bd3 a6
D48	Semi-Slav Defense: Meran Variation	1. d4 d5 2. c4 c6 3. Nc3 Nf6 4. e3 e6 5. Nf3 Nbd7 6. Bd3 dxc4 7. Bxc4 b5 8. Bd3 a6 9. e4 c5
D48	Semi-Slav Defense: Meran Variation, Old Variation	1. d4 d5 2. c4 c6 3. Nc3 Nf6 4. e3 e6 5. Nf3 Nbd7 6. Bd3 dxc4 7. Bxc4 b5 8. Bd3 a6 9. e4 c5 10. e5
D48	Semi-Slav Defense: Meran Variation, Pirc Variation	1. d4 d5 2. c4 e6 3. Nc3 c6 4. e3 Nf6 5. Nf3 Nbd7 6. Bd3 dxc4 7. Bxc4 b5 8. Bd3 a6 9. e4 b4
D48	Semi-Slav Defense: Meran Variation, Reynolds' Variation	1. d4 d5 2. c4 c6 3. Nf3 Nf6 4. Nc3 e6 5. e3 Nbd7 6. Bd3 dxc4 7. Bxc4 b5 8. Bd3 a6 9. e4 c5 10. d5
D49	Semi-Slav Defense: Meran Variation, Blumenfeld Variation	1. d4 d5 2. c4 c6 3. Nc3 Nf6 4. e3 e6 5. Nf3 Nbd7 6. Bd3 dxc4 7. Bxc4 b5 8. Bd3 a6 9. e4 c5 10. e5 cxd4 11. Nxb5
D49	Semi-Slav Defense: Meran Variation, Rabinovich Variation	1. d4 d5 2. c4 c6 3. Nc3 Nf6 4. e3 e6 5. Nf3 Nbd7 6. Bd3 dxc4 7. Bxc4 b5 8. Bd3 a6 9. e4 c5 10. e5 cxd4 11. Nxb5 Ng4
D49	Semi-Slav Defense: Meran Variation, Rellstab Attack	1. d4 d5 2. c4 c6 3. Nc3 Nf6 4. Nf3 e6 5. e3 Nbd7 6. Bd3 dxc4 7. Bxc4 b5 8. Bd3 a6 9. e4 c5 10. e5 cxd4 11. Nxb5 Nxe5 12. Nxe5 axb5 13. O-O Qd5 14. Qe2 Ba6 15. Bg5
D49	Semi-Slav Defense: Meran Variation, Sozin Variation	1. d4 d5 2. c4 c6 3. Nf3 Nf6 4. Nc3 e6 5. e3 Nbd7 6. Bd3 dxc4 7. Bxc4 b5 8. Bd3 a6 9. e4 c5 10. e5 cxd4 11. Nxb5 Nxe5
D49	Semi-Slav Defense: Meran Variation, Sozin Variation	1. d4 d5 2. Nf3 Nf6 3. c4 c6 4. Nc3 e6 5. e3 Nbd7 6. Bd3 dxc4 7. Bxc4 b5 8. Bd3 a6 9. e4 c5 10. e5 cxd4 11. Nxb5 Nxe5 12. Nxe5 axb5 13. O-O
D49	Semi-Slav Defense: Meran Variation, Stahlberg Variation	1. d4 d5 2. c4 c6 3. Nc3 Nf6 4. e3 e6 5. Nf3 Nbd7 6. Bd3 dxc4 7. Bxc4 b5 8. Bd3 a6 9. e4 c5 10. e5 cxd4 11. Nxb5 Nxe5 12. Nxe5 axb5 13. Qf3
D50	Queen's Gambit Declined: Been-Koomen Variation	1. d4 d5 2. c4 e6 3. Nc3 Nf6 4. Bg5 c5
D50	Queen's Gambit Declined: Modern Variation	1. d4 d5 2. c4 e6 3. Nc3 Nf6 4. Bg5
D50	Queen's Gambit Declined: Pseudo-Tarrasch Variation	1. d4 d5 2. c4 e6 3. Nc3 Nf6 4. Bg5 c5 5. cxd5
D50	Queen's Gambit Declined: Pseudo-Tarrasch Variation, Canal Variation	1. d4 d5 2. c4 e6 3. Nc3 Nf6 4. Bg5 c5 5. cxd5 Qb6
D50	Queen's Gambit Declined: Pseudo-Tarrasch Variation, Primitive Pillsbury Variation	1. d4 d5 2. c4 e6 3. Nc3 Nf6 4. Bg5 c5 5. Nf3 cxd4 6. Qxd4
D50	Queen's Gambit Declined: Semi-Tarrasch Defense, Krause Variation	1. d4 d5 2. c4 e6 3. Nc3 Nf6 4. Bg5 c5 5. Nf3 cxd4 6. Nxd4 e5 7. Ndb5 a6 8. Qa4
D51	Queen's Gambit Declined: Alekhine Variation	1. d4 d5 2. c4 e6 3. Nc3 Nf6 4. Bg5 Nbd7 5. Nf3 c6 6. e4
D51	Queen's Gambit Declined: Capablanca Variation, Anti-Cambridge Springs Variation	1. d4 d5 2. c4 e6 3. Nc3 Nf6 4. Bg5 Nbd7 5. e3 c6 6. a3
D51	Queen's Gambit Declined: Manhattan Variation	1. d4 d5 2. c4 e6 3. Nc3 Nf6 4. Bg5 Nbd7 5. e3 Bb4
D51	Queen's Gambit Declined: Modern Variation, Knight Defense	1. d4 d5 2. c4 e6 3. Nc3 Nf6 4. Bg5 Nbd7
D51	Queen's Gambit Declined: Modern Variation, Knight Defense	1. d4 d5 2. c4 e6 3. Nc3 Nf6 4. Bg5 Nbd7 5. e3
D51	Queen's Gambit Declined: Modern Variation, Knight Defense	1. d4 d5 2. c4 e6 3. Nc3 Nf6 4. Bg5 Nbd7 5. e3 c6
D51	Queen's Gambit Declined: Rochlin Variation	1. d4 d5 2. c4 e6 3. Nc3 Nf6 4. Bg5 Nbd7 5. Nf3 c6 6. Rc1 Qa5 7. Bd2
D52	Queen's Gambit Declined	1. d4 d5 2. c4 c6 3. Nf3 Nf6 4. Nc3 e6 5. Bg5 Nbd7 6. e3
D52	Queen's Gambit Declined: Cambridge Springs Defense	1. d4 d5 2. c4 c6 3. Nf3 Nf6 4. Nc3 e6 5. Bg5 Nbd7 6. e3 Qa5
D52	Queen's Gambit Declined: Cambridge Springs Defense	1. d4 d5 2. c4 c6 3. Nf3 Nf6 4. Nc3 e6 5. Bg5 Nbd7 6. e3 Qa5 7. cxd5
D52	Queen's Gambit Declined: Cambridge Springs Defense, Argentine Variation	1. d4 d5 2. c4 e6 3. Nc3 Nf6 4. Bg5 Nbd7 5. e3 c6 6. Nf3 Qa5 7. Nd2 Bb4 8. Qc2 O-O 9. Bh4
D52	Queen's Gambit Declined: Cambridge Springs Defense, Bogoljubow Variation	1. d4 d5 2. c4 c6 3. Nf3 Nf6 4. Nc3 e6 5. Bg5 Nbd7 6. e3 Qa5 7. Nd2 Bb4 8. Qc2
D52	Queen's Gambit Declined: Cambridge Springs Defense, Capablanca Variation	1. d4 d5 2. c4 e6 3. Nc3 Nf6 4. Bg5 Nbd7 5. e3 c6 6. Nf3 Qa5 7. Bxf6
D52	Queen's Gambit Declined: Cambridge Springs Defense, Rubinstein Variation	1. d4 d5 2. c4 c6 3. Nf3 Nf6 4. Nc3 e6 5. Bg5 Nbd7 6. e3 Qa5 7. Nd2 dxc4
D52	Queen's Gambit Declined: Cambridge Springs Defense, Yugoslav Variation	1. d4 d5 2. c4 c6 3. Nf3 Nf6 4. Nc3 e6 5. Bg5 Nbd7 6. e3 Qa5 7. cxd5 Nxd5
D53	Queen's Gambit Declined	1. d4 d5 2. c4 e6 3. Nc3 Nf6 4. Bg5 Be7
D53	Queen's Gambit Declined: Lasker Defense	1. d4 Nf6 2. c4 e6 3. Nc3 d5 4. Bg5 Be7 5. e3 Ne4
D53	Queen's Gambit Declined: Modern Variation, Heral Variation	1. d4 d5 2. c4 e6 3. Nc3 Nf6 4. Bg5 Be7 5. Bxf6
D54	Queen's Gambit Declined: Neo-Orthodox Variation	1. d4 Nf6 2. c4 e6 3. Nc3 d5 4. Bg5 Be7 5. e3 O-O 6. Rc1
D55	Queen's Gambit Declined: Anti-Tartakower Variation	1. d4 Nf6 2. c4 e6 3. Nf3 d5 4. Nc3 Be7 5. Bg5 O-O 6. e3 h6 7. Bxf6
D55	Queen's Gambit Declined: Anti-Tartakower Variation, Petrosian Variation	1. d4 Nf6 2. c4 e6 3. Nf3 d5 4. Nc3 Be7 5. Bg5 h6 6. Bxf6 Bxf6 7. e3 O-O 8. Rc1 c6 9. Bd3 Nd7 10. O-O dxc4 11. Bxc4
D55	Queen's Gambit Declined: Modern Variation, Normal Line	1. d4 Nf6 2. c4 e6 3. Nf3 d5 4. Nc3 Be7 5. Bg5 O-O 6. e3
D55	Queen's Gambit Declined: Neo-Orthodox Variation	1. d4 Nf6 2. c4 e6 3. Nf3 d5 4. Nc3 Be7 5. Bg5 O-O 6. e3 h6
D55	Queen's Gambit Declined: Neo-Orthodox Variation, Main Line	1. d4 Nf6 2. c4 e6 3. Nf3 d5 4. Nc3 Be7 5. Bg5 h6 6. Bh4 O-O 7. e3
D55	Queen's Gambit Declined: Pillsbury Attack	1. d4 Nf6 2. c4 e6 3. Nf3 b6 4. Nc3 d5 5. cxd5 exd5 6. Bg5 Be7 7. e3 O-O 8. Bd3 Bb7 9. Ne5
D56	Queen's Gambit Declined: Lasker Defense	1. d4 d5 2. c4 e6 3. Nc3 Be7 4. Nf3 Nf6 5. Bg5 h6 6. Bh4 O-O 7. e3 Ne4
D56	Queen's Gambit Declined: Lasker Defense, Russian Variation	1. d4 d5 2. c4 e6 3. Nc3 Nf6 4. Bg5 Be7 5. e3 O-O 6. Nf3 h6 7. Bh4 Ne4 8. Bxe7 Qxe7 9. Qc2 Nf6 10. Bd3 dxc4 11. Bxc4 c5 12. O-O Nc6 13. Rfd1 Bd7
D56	Queen's Gambit Declined: Lasker Defense, Teichmann Variation	1. d4 Nf6 2. c4 e6 3. Nf3 d5 4. Nc3 Be7 5. Bg5 h6 6. Bh4 O-O 7. e3 Ne4 8. Bxe7 Qxe7 9. Qc2
D57	Queen's Gambit Declined: Lasker Defense, Bernstein Variation	1. d4 Nf6 2. c4 e6 3. Nc3 d5 4. Bg5 Be7 5. e3 h6 6. Bh4 O-O 7. Nf3 Ne4 8. Bxe7 Qxe7 9. cxd5 Nxc3 10. bxc3 exd5 11. Qb3 Qd6
D57	Queen's Gambit Declined: Lasker Defense, Bernstein Variation, Mar del Plata Gambit	1. d4 d5 2. c4 e6 3. Nc3 Nf6 4. Bg5 Be7 5. e3 O-O 6. Nf3 h6 7. Bh4 Ne4 8. Bxe7 Qxe7 9. cxd5 Nxc3 10. bxc3 exd5 11. Qb3 Rd8 12. c4 Be6
D57	Queen's Gambit Declined: Lasker Defense, Main Line	1. d4 d5 2. c4 e6 3. Nc3 Be7 4. Nf3 Nf6 5. Bg5 h6 6. Bh4 O-O 7. e3 Ne4 8. Bxe7 Qxe7 9. cxd5 Nxc3 10. bxc3
D58	Queen's Gambit Declined: Tartakower Defense	1. d4 Nf6 2. c4 e6 3. Nf3 d5 4. Nc3 Be7 5. Bg5 h6 6. Bh4 O-O 7. e3 b6
D58	Queen's Gambit Declined: Tartakower Defense, Exchange Variation	1. d4 d5 2. c4 e6 3. Nc3 Be7 4. Nf3 Nf6 5. Bg5 h6 6. Bh4 O-O 7. e3 b6 8. cxd5 exd5
D59	Queen's Gambit Declined: Tartakower Defense	1. d4 d5 2. c4 e6 3. Nc3 Be7 4. Nf3 Nf6 5. Bg5 h6 6. Bh4 O-O 7. e3 b6 8. cxd5 Nxd5 9. Bxe7 Qxe7 10. Nxd5 exd5 11. Rc1 Be6
D59	Queen's Gambit Declined: Tartakower Defense, Makogonov Exchange Variation	1. d4 d5 2. c4 e6 3. Nc3 Be7 4. Nf3 Nf6 5. Bg5 h6 6. Bh4 O-O 7. e3 b6 8. cxd5 Nxd5
D60	Queen's Gambit Declined: Orthodox Defense	1. d4 Nf6 2. c4 e6 3. Nf3 d5 4. Nc3 Be7 5. Bg5 O-O 6. e3 Nbd7
D60	Queen's Gambit Declined: Orthodox Defense, Botvinnik Variation	1. d4 Nf6 2. c4 e6 3. Nf3 d5 4. Nc3 Be7 5. Bg5 O-O 6. e3 Nbd7 7. Bd3
D60	Queen's Gambit Declined: Orthodox Defense, Rauzer Variation	1. d4 d5 2. Nf3 Nf6 3. c4 e6 4. Nc3 Be7 5. Bg5 O-O 6. e3 Nbd7 7. Qb3
D61	Queen's Gambit Declined: Orthodox Defense, Rubinstein Variation	1. d4 Nf6 2. c4 e6 3. Nf3 d5 4. Nc3 Be7 5. Bg5 O-O 6. e3 Nbd7 7. Qc2
D62	Queen's Gambit Declined: Orthodox Defense, Rubinstein Variation, Flohr Line	1. d4 Nf6 2. c4 e6 3. Nf3 d5 4. Nc3 Be7 5. Bg5 O-O 6. e3 Nbd7 7. Qc2 c5 8. cxd5
D63	Queen's Gambit Declined: Orthodox Defense, Capablanca Variation	1. Nf3 d5 2. d4 Nf6 3. c4 e6 4. Nc3 Be7 5. Bg5 O-O 6. e3 Nbd7 7. Rc1 b6 8. cxd5 exd5 9. Bb5
D63	Queen's Gambit Declined: Orthodox Defense, Henneberger Variation	1. d4 Nf6 2. c4 e6 3. Nf3 d5 4. Nc3 Be7 5. Bg5 O-O 6. e3 Nbd7 7. Rc1 a6
D63	Queen's Gambit Declined: Orthodox Defense, Main Line	1. d4 Nf6 2. c4 e6 3. Nf3 d5 4. Nc3 Be7 5. Bg5 O-O 6. e3 Nbd7 7. Rc1
D63	Queen's Gambit Declined: Orthodox Defense, Main Line	1. d4 Nf6 2. c4 e6 3. Nf3 d5 4. Nc3 Be7 5. Bg5 O-O 6. e3 Nbd7 7. Rc1 c6
D63	Queen's Gambit Declined: Orthodox Defense, Pillsbury Variation	1. d4 Nf6 2. c4 e6 3. Nc3 d5 4. Bg5 Be7 5. e3 O-O 6. Nf3 Nbd7 7. Rc1 b6 8. cxd5 exd5 9. Bd3
D63	Queen's Gambit Declined: Orthodox Defense, Swiss, Carlsbad Variation	1. d4 Nf6 2. c4 e6 3. Nf3 d5 4. Nc3 Be7 5. Bg5 O-O 6. e3 Nbd7 7. Rc1 a6 8. cxd5
D64	Queen's Gambit Declined: Orthodox Defense, Rubinstein Attack	1. d4 Nf6 2. c4 e6 3. Nc3 d5 4. Nf3 Be7 5. Bg5 O-O 6. e3 Nbd7 7. Rc1 c6 8. a3 a6 9. Qc2
D64	Queen's Gambit Declined: Orthodox Defense, Rubinstein Attack	1. d4 Nf6 2. c4 e6 3. Nf3 d5 4. Nc3 Be7 5. Bg5 O-O 6. e3 Nbd7 7. Rc1 c6 8. Qc2
D64	Queen's Gambit Declined: Orthodox Defense, Rubinstein Attack	1. d4 Nf6 2. c4 e6 3. Nf3 d5 4. Nc3 Be7 5. Bg5 O-O 6. e3 Nbd7 7. Rc1 c6 8. Qc2 a6
D64	Queen's Gambit Declined: Orthodox Defense, Rubinstein Attack	1. Nf3 d5 2. d4 Nf6 3. c4 e6 4. Nc3 Be7 5. Bg5 O-O 6. e3 Nbd7 7. Rc1 c6 8. Qc2 Ne4
D65	Queen's Gambit Declined: Orthodox Defense, Rubinstein Attack	1. d4 d5 2. Nf3 Nf6 3. c4 e6 4. Nc3 Be7 5. Bg5 O-O 6. e3 Nbd7 7. Rc1 c6 8. Qc2 a6 9. cxd5
D66	Queen's Gambit Declined: Orthodox Defense, Bd3 Line	1. d4 d5 2. c4 e6 3. Nc3 Nf6 4. Bg5 Be7 5. e3 O-O 6. Nf3 Nbd7 7. Rc1 c6 8. Bd3
D66	Queen's Gambit Declined: Orthodox Defense, Fianchetto Variation	1. d4 d5 2. c4 e6 3. Nc3 Nf6 4. Bg5 c6 5. Nf3 Be7 6. e3 Nbd7 7. Rc1 O-O 8. Bd3 dxc4 9. Bxc4 b5
D67	Queen's Gambit Declined: Orthodox Defense, Alekhine Variation	1. d4 d5 2. c4 e6 3. Nc3 Nf6 4. Bg5 Be7 5. e3 O-O 6. Nf3 Nbd7 7. Rc1 c6 8. Bd3 dxc4 9. Bxc4 Nd5 10. Bxe7 Qxe7 11. Ne4
D67	Queen's Gambit Declined: Orthodox Defense, Bd3 Line	1. d4 d5 2. c4 e6 3. Nc3 Nf6 4. Bg5 Be7 5. e3 O-O 6. Nf3 Nbd7 7. Rc1 c6 8. Bd3 dxc4 9. Bxc4 Nd5 10. Bxe7 Qxe7
D67	Queen's Gambit Declined: Orthodox Defense, Capablanca System	1. d4 d5 2. c4 e6 3. Nc3 Nf6 4. Bg5 Be7 5. e3 O-O 6. Nf3 Nbd7 7. Rc1 c6 8. Bd3 dxc4 9. Bxc4 Nd5
D67	Queen's Gambit Declined: Orthodox Defense, Janowski Variation	1. d4 d5 2. Nf3 Nf6 3. c4 e6 4. Nc3 Be7 5. Bg5 O-O 6. e3 Nbd7 7. Rc1 c6 8. Bd3 dxc4 9. Bxc4 Nd5 10. h4
D67	Queen's Gambit Declined: Orthodox Defense, Main Line	1. d4 d5 2. c4 e6 3. Nc3 Nf6 4. Bg5 Be7 5. e3 O-O 6. Nf3 Nbd7 7. Rc1 c6 8. Bd3 dxc4 9. Bxc4 Nd5 10. Bxe7 Qxe7 11. O-O
D68	Queen's Gambit Declined: Orthodox Defense, Classical Variation	1. d4 d5 2. c4 e6 3. Nc3 Nf6 4. Bg5 Be7 5. e3 O-O 6. Nf3 Nbd7 7. Rc1 c6 8. Bd3 dxc4 9. Bxc4 Nd5 10. Bxe7 Qxe7 11. O-O Nxc3 12. Rxc3 e5
D68	Queen's Gambit Declined: Orthodox Defense, Classical Variation	1. d4 d5 2. c4 e6 3. Nf3 Nf6 4. Nc3 Be7 5. Bg5 O-O 6. e3 Nbd7 7. Rc1 c6 8. Bd3 dxc4 9. Bxc4 Nd5 10. Bxe7 Qxe7 11. O-O Nxc3 12. Rxc3 e5 13. Qb1
D68	Queen's Gambit Declined: Orthodox Defense, Classical Variation	1. d4 Nf6 2. c4 e6 3. Nf3 d5 4. Nc3 Be7 5. Bg5 O-O 6. e3 Nbd7 7. Rc1 c6 8. Bd3 dxc4 9. Bxc4 Nd5 10. Bxe7 Qxe7 11. O-O Nxc3 12. Rxc3 e5 13. Qc2
D69	Queen's Gambit Declined: Orthodox Defense, Classical Variation	1. d4 d5 2. c4 e6 3. Nc3 Nf6 4. Bg5 Be7 5. e3 O-O 6. Nf3 Nbd7 7. Rc1 c6 8. Bd3 dxc4 9. Bxc4 Nd5 10. Bxe7 Qxe7 11. O-O Nxc3 12. Rxc3 e5 13. dxe5 Nxe5 14. Nxe5 Qxe5
D70	Neo-Grünfeld Defense: Goglidze Attack	1. d4 Nf6 2. c4 g6 3. f3 d5
D70	Neo-Grünfeld Defense: with Nf3	1. d4 Nf6 2. c4 g6 3. Nf3 d5
D70	Neo-Grünfeld Defense: with g3	1. d4 Nf6 2. c4 g6 3. g3 d5
D71	Neo-Grünfeld Defense: Exchange Variation	1. d4 Nf6 2. c4 g6 3. g3 Bg7 4. Bg2 d5 5. cxd5 Nxd5
D74	Neo-Grünfeld Defense: Delayed Exchange Variation	1. d4 Nf6 2. c4 g6 3. Nf3 Bg7 4. g3 O-O 5. Bg2 d5 6. cxd5 Nxd5 7. O-O
D75	Neo-Grünfeld Defense: Delayed Exchange Variation	1. d4 Nf6 2. c4 g6 3. Nc3 Bg7 4. Nf3 O-O 5. g3 d5 6. cxd5 Nxd5 7. Bg2 c5 8. O-O
D75	Neo-Grünfeld Defense: Delayed Exchange Variation	1. d4 Nf6 2. Nf3 g6 3. c4 Bg7 4. g3 O-O 5. Bg2 d5 6. cxd5 Nxd5 7. O-O c5 8. dxc5
D76	Neo-Grünfeld Defense: Delayed Exchange Variation	1. d4 Nf6 2. c4 g6 3. Nf3 Bg7 4. g3 O-O 5. Bg2 d5 6. cxd5 Nxd5 7. O-O Nb6
D77	Neo-Grünfeld Defense: Classical Variation	1. d4 Nf6 2. Nf3 g6 3. g3 Bg7 4. Bg2 O-O 5. O-O d5 6. c4
D77	Neo-Grünfeld Defense: Classical Variation, Modern Defense	1. d4 Nf6 2. Nf3 g6 3. g3 Bg7 4. Bg2 O-O 5. O-O d5 6. c4 dxc4
D77	Neo-Grünfeld Defense: Classical Variation, Polgar Variation	1. d4 Nf6 2. Nf3 g6 3. g3 Bg7 4. Bg2 O-O 5. O-O d5 6. c4 Nc6
D78	Neo-Grünfeld Defense: Classical Variation, Original Defense	1. d4 Nf6 2. c4 g6 3. Nf3 Bg7 4. g3 O-O 5. Bg2 c6 6. O-O d5
D79	Neo-Grünfeld Defense: Ultra-Delayed Exchange Variation	1. d4 Nf6 2. c4 g6 3. Nf3 Bg7 4. g3 O-O 5. Bg2 c6 6. O-O d5 7. cxd5 cxd5
D80	Grünfeld Defense	1. d4 Nf6 2. c4 g6 3. Nc3 d5
D80	Grünfeld Defense: Gibbon Gambit	1. d4 Nf6 2. c4 g6 3. Nc3 d5 4. g4
D80	Grünfeld Defense: Lundin Variation	1. d4 Nf6 2. c4 g6 3. Nc3 d5 4. Bg5 Ne4 5. Nxe4 dxe4 6. Qd2 c5
D80	Grünfeld Defense: Lutikov Variation	1. d4 Nf6 2. c4 g6 3. Nc3 d5 4. f3
D80	Grünfeld Defense: Lutikov Variation, Murrey Attack	1. d4 Nf6 2. c4 g6 3. Nc3 d5 4. f3 c5 5. cxd5 Nxd5 6. Na4
D80	Grünfeld Defense: Stockholm Variation	1. d4 Nf6 2. c4 g6 3. Nc3 d5 4. Bg5
D80	Grünfeld Defense: Zaitsev Gambit	1. d4 Nf6 2. c4 g6 3. Nc3 d5 4. h4
D81	Grünfeld Defense: Russian Variation, Accelerated Variation	1. d4 Nf6 2. c4 g6 3. Nc3 d5 4. Qb3
D82	Grünfeld Defense: Brinckmann Attack	1. d4 Nf6 2. c4 g6 3. Nc3 d5 4. Bf4
D83	Grünfeld Defense: Brinckmann Attack, Grünfeld Gambit	1. d4 Nf6 2. c4 g6 3. Nc3 d5 4. Bf4 Bg7 5. e3 O-O
D83	Grünfeld Defense: Brinckmann Attack, Grünfeld Gambit, Botvinnik Variation	1. d4 Nf6 2. c4 g6 3. Nc3 d5 4. Bf4 Bg7 5. e3 O-O 6. Rc1 c5 7. dxc5 Be6
D83	Grünfeld Defense: Brinckmann Attack, Grünfeld Gambit, Capablanca Variation	1. d4 Nf6 2. c4 g6 3. Nc3 d5 4. Bf4 Bg7 5. e3 O-O 6. Rc1
D83	Grünfeld Defense: Brinckmann Attack, Reshevsky Gambit	1. d4 Nf6 2. c4 g6 3. Nc3 d5 4. Bf4 Bg7 5. Rc1 O-O 6. e3 c5 7. dxc5 Qa5
D84	Grünfeld Defense: Brinckmann Attack, Grünfeld Gambit Accepted	1. d4 Nf6 2. c4 g6 3. Nc3 d5 4. Bf4 Bg7 5. e3 O-O 6. cxd5 Nxd5 7. Nxd5 Qxd5 8. Bxc7
D85	Grünfeld Defense: Exchange Variation	1. d4 Nf6 2. c4 g6 3. Nc3 d5 4. cxd5 Nxd5
D85	Grünfeld Defense: Exchange Variation, Modern Exchange Variation	1. d4 Nf6 2. c4 g6 3. Nc3 d5 4. cxd5 Nxd5 5. e4 Nxc3 6. bxc3 Bg7 7. Nf3
D85	Grünfeld Defense: Exchange Variation, Modern Exchange Variation	1. d4 Nf6 2. c4 g6 3. Nc3 d5 4. cxd5 Nxd5 5. e4 Nxc3 6. bxc3 Bg7 7. Nf3 c5
D85	Grünfeld Defense: Exchange Variation, Modern Exchange Variation	1. d4 Nf6 2. Nf3 g6 3. c4 Bg7 4. Nc3 d5 5. cxd5 Nxd5 6. e4 Nxc3 7. bxc3 c5 8. Rb1
D85	Grünfeld Defense: Exchange Variation, Modern Exchange Variation, Kramnik's Line	1. d4 Nf6 2. Nf3 g6 3. c4 Bg7 4. Nc3 d5 5. cxd5 Nxd5 6. e4 Nxc3 7. bxc3 c5 8. h3
D85	Grünfeld Defense: Exchange Variation, Modern Exchange Variation, Pawn Grab Line	1. d4 Nf6 2. c4 g6 3. Nc3 d5 4. cxd5 Nxd5 5. e4 Nxc3 6. bxc3 Bg7 7. Nf3 c5 8. Rb1 O-O 9. Be2 Nc6 10. d5 Bxc3+
D85	Grünfeld Defense: Exchange Variation, Nadanian Attack	1. d4 Nf6 2. c4 g6 3. Nc3 d5 4. cxd5 Nxd5 5. Na4
D86	Grünfeld Defense: Exchange Variation, Classical Variation	1. d4 Nf6 2. c4 g6 3. Nc3 d5 4. cxd5 Nxd5 5. e4 Nxc3 6. bxc3 Bg7 7. Bc4
D86	Grünfeld Defense: Exchange Variation, Larsen Variation	1. d4 Nf6 2. c4 g6 3. Nc3 d5 4. cxd5 Nxd5 5. e4 Nxc3 6. bxc3 Bg7 7. Bc4 O-O 8. Ne2 Qd7
D86	Grünfeld Defense: Exchange Variation, Larsen Variation	1. d4 Nf6 2. c4 g6 3. Nc3 d5 4. cxd5 Nxd5 5. e4 Nxc3 6. bxc3 Bg7 7. Bc4 O-O 8. Ne2 Qd7 9. O-O b6
D86	Grünfeld Defense: Exchange Variation, Simagin's Improved Variation	1. d4 Nf6 2. c4 g6 3. Nc3 d5 4. cxd5 Nxd5 5. e4 Nxc3 6. bxc3 Bg7 7. Bc4 O-O 8. Ne2 Nc6
D86	Grünfeld Defense: Exchange Variation, Simagin's Lesser Variation	1. d4 Nf6 2. c4 g6 3. Nc3 d5 4. cxd5 Nxd5 5. e4 Nxc3 6. bxc3 Bg7 7. Bc4 O-O 8. Ne2 b6
D87	Grünfeld Defense: Exchange Variation, Seville Variation	1. d4 Nf6 2. c4 g6 3. Nc3 d5 4. cxd5 Nxd5 5. e4 Nxc3 6. bxc3 Bg7 7. Bc4 c5 8. Ne2 Nc6 9. Be3 O-O 10. O-O Bg4 11. f3 Na5 12. Bxf7+
D87	Grünfeld Defense: Exchange Variation, Spassky Variation	1. d4 Nf6 2. c4 g6 3. Nc3 d5 4. cxd5 Nxd5 5. e4 Nxc3 6. bxc3 Bg7 7. Bc4 c5 8. Ne2 O-O
D88	Grünfeld Defense: Exchange Variation, Spassky Variation	1. d4 Nf6 2. c4 g6 3. Nc3 d5 4. cxd5 Nxd5 5. e4 Nxc3 6. bxc3 Bg7 7. Bc4 c5 8. Ne2 Nc6 9. Be3 O-O 10. O-O cxd4 11. cxd4
D89	Grünfeld Defense: Exchange Variation, Sokolsky Variation	1. d4 Nf6 2. c4 g6 3. Nc3 d5 4. cxd5 Nxd5 5. e4 Nxc3 6. bxc3 Bg7 7. Bc4 c5 8. Ne2 O-O 9. O-O Nc6 10. Be3 Bg4 11. f3 Na5 12. Bd3 cxd4 13. cxd4 Be6 14. d5
D89	Grünfeld Defense: Exchange Variation, Spassky Variation	1. d4 Nf6 2. c4 g6 3. Nc3 d5 4. cxd5 Nxd5 5. e4 Nxc3 6. bxc3 Bg7 7. Bc4 c5 8. Ne2 Nc6 9. Be3 O-O 10. O-O Bg4 11. f3 Na5 12. Bd3 cxd4 13. cxd4 Be6
D90	Grünfeld Defense: Flohr Variation	1. d4 Nf6 2. c4 g6 3. Nc3 d5 4. Nf3 Bg7 5. Qa4+
D90	Grünfeld Defense: Three Knights Variation	1. d4 Nf6 2. c4 g6 3. Nc3 d5 4. Nf3
D90	Grünfeld Defense: Three Knights Variation	1. d4 Nf6 2. c4 g6 3. Nc3 d5 4. Nf3 Bg7
D91	Grünfeld Defense: Three Knights Variation, Petrosian System	1. d4 Nf6 2. c4 g6 3. Nc3 d5 4. Nf3 Bg7 5. Bg5
D92	Grünfeld Defense: Three Knights Variation, Hungarian Attack	1. d4 Nf6 2. c4 g6 3. Nc3 d5 4. Nf3 Bg7 5. Bf4
D93	Grünfeld Defense: Three Knights Variation, Hungarian Variation	1. d4 Nf6 2. c4 g6 3. Nc3 d5 4. Nf3 Bg7 5. Bf4 O-O 6. e3
D94	Grünfeld Defense: Flohr Defense	1. d4 d5 2. c4 c6 3. Nc3 Nf6 4. e3 g6 5. Nf3 Bg7 6. Bd3 O-O 7. O-O Bf5
D94	Grünfeld Defense: Makogonov Variation	1. d4 Nf6 2. c4 g6 3. Nc3 d5 4. Nf3 Bg7 5. e3 O-O 6. b4
D94	Grünfeld Defense: Opocensky Variation	1. d4 Nf6 2. c4 g6 3. Nc3 d5 4. Nf3 Bg7 5. e3 O-O 6. Bd2
D94	Grünfeld Defense: Smyslov Defense	1. d4 d5 2. c4 c6 3. Nc3 Nf6 4. e3 g6 5. Nf3 Bg7 6. Bd3 O-O 7. O-O Bg4
D94	Grünfeld Defense: Three Knights Variation, Burille Variation	1. d4 Nf6 2. c4 g6 3. Nc3 d5 4. Nf3 Bg7 5. e3
D94	Grünfeld Defense: Three Knights Variation, Paris Variation	1. d4 Nf6 2. c4 g6 3. Nc3 d5 4. Nf3 Bg7 5. e3 O-O 6. Bd3
D95	Grünfeld Defense: Botvinnik Variation	1. d4 Nf6 2. c4 g6 3. Nc3 d5 4. Nf3 Bg7 5. e3 O-O 6. Qb3 e6
D95	Grünfeld Defense: Pachman Variation	1. d4 Nf6 2. c4 g6 3. Nc3 d5 4. e3 Bg7 5. Qb3 dxc4 6. Bxc4 O-O 7. Nf3 Nbd7 8. Ng5
D95	Grünfeld Defense: Three Knights Variation, Vienna Variation	1. d4 Nf6 2. c4 g6 3. Nc3 d5 4. Nf3 Bg7 5. e3 O-O 6. Qb3
D96	Grünfeld Defense: Russian Variation	1. d4 Nf6 2. c4 g6 3. Nc3 d5 4. Nf3 Bg7 5. Qb3
D97	Grünfeld Defense: Russian Variation	1. d4 Nf6 2. c4 g6 3. Nc3 d5 4. Nf3 Bg7 5. Qb3 dxc4 6. Qxc4 O-O 7. e4
D97	Grünfeld Defense: Russian Variation, Byrne Variation	1. d4 Nf6 2. c4 g6 3. Nc3 d5 4. Nf3 Bg7 5. Qb3 dxc4 6. Qxc4 O-O 7. e4 Nc6
D97	Grünfeld Defense: Russian Variation, Hungarian Variation	1. d4 Nf6 2. c4 g6 3. Nc3 d5 4. Nf3 Bg7 5. Qb3 dxc4 6. Qxc4 O-O 7. e4 a6
D97	Grünfeld Defense: Russian Variation, Levenfish Variation	1. d4 Nf6 2. c4 g6 3. Nc3 d5 4. Nf3 Bg7 5. Qb3 dxc4 6. Qxc4 O-O 7. e4 b6
D97	Grünfeld Defense: Russian Variation, Prins Variation	1. d4 Nf6 2. c4 g6 3. Nc3 d5 4. Nf3 Bg7 5. Qb3 dxc4 6. Qxc4 O-O 7. e4 Na6
D97	Grünfeld Defense: Russian Variation, Szabo Variation	1. d4 Nf6 2. c4 g6 3. Nc3 d5 4. Nf3 Bg7 5. Qb3 dxc4 6. Qxc4 O-O 7. e4 c6
D98	Grünfeld Defense: Russian Variation, Keres Variation	1. d4 Nf6 2. c4 g6 3. Nc3 d5 4. Nf3 Bg7 5. Qb3 dxc4 6. Qxc4 O-O 7. e4 Bg4 8. Be3 Nfd7 9. Be2 Nb6 10. Qd3 Nc6 11. O-O-O
D98	Grünfeld Defense: Russian Variation, Smyslov Variation	1. d4 Nf6 2. c4 g6 3. Nc3 d5 4. Nf3 Bg7 5. Qb3 dxc4 6. Qxc4 O-O 7. e4 Bg4
D99	Grünfeld Defense: Russian Variation, Smyslov Variation	1. d4 Nf6 2. c4 g6 3. Nc3 d5 4. Nf3 Bg7 5. Qb3 dxc4 6. Qxc4 O-O 7. e4 Bg4 8. Be3 Nfd7 9. Qb3
D99	Grünfeld Defense: Russian Variation, Yugoslav Variation	1. d4 Nf6 2. c4 g6 3. Nc3 d5 4. Nf3 Bg7 5. Qb3 dxc4 6. Qxc4 O-O 7. e4 Bg4 8. Be3 Nfd7 9. Qb3 c5
E00	Catalan Opening	1. d4 Nf6 2. c4 e6 3. g3
E00	Catalan Opening	1. d4 Nf6 2. c4 e6 3. g3 d5
E00	Catalan Opening: Hungarian Gambit	1. d4 Nf6 2. c4 e6 3. g3 e5
E00	Indian Defense	1. d4 Nf6 2. c4 e6 3. Qb3
E00	Indian Defense: Devin Gambit	1. d4 Nf6 2. c4 e6 3. g4
E00	Indian Defense: Seirawan Attack	1. d4 Nf6 2. c4 e6 3. Bg5
E01	Catalan Opening: Closed	1. d4 Nf6 2. c4 e6 3. g3 d5 4. Bg2
E02	Catalan Opening: Open Defense	1. d4 Nf6 2. c4 e6 3. g3 d5 4. Bg2 dxc4
E03	Catalan Opening: Open Defense	1. d4 Nf6 2. c4 e6 3. g3 d5 4. Bg2 dxc4 5. Qa4+ Nbd7 6. Qxc4
E03	Catalan Opening: Open Defense, Alekhine Variation	1. d4 Nf6 2. c4 e6 3. g3 d5 4. Bg2 dxc4 5. Qa4+ Nbd7 6. Qxc4 a6 7. Qc2
E04	Catalan Opening: Open Defense	1. d4 Nf6 2. c4 e6 3. g3 d5 4. Bg2 dxc4 5. Nf3
E04	Catalan Opening: Open Defense	1. d4 Nf6 2. c4 e6 3. Nf3 d5 4. g3 c6 5. Bg2 dxc4
E04	Catalan Opening: Open Defense, Modern Sharp Variation	1. d4 Nf6 2. c4 e6 3. g3 d5 4. Bg2 dxc4 5. Nf3 Nc6 6. Qa4 Bb4+
E05	Catalan Opening: Open Defense, Classical Line	1. d4 Nf6 2. c4 e6 3. g3 d5 4. Bg2 dxc4 5. Nf3 Be7
E05	Catalan Opening: Open Defense, Classical Line	1. d4 Nf6 2. c4 e6 3. Nf3 d5 4. g3 Be7 5. Bg2 O-O 6. O-O dxc4
E06	Catalan Opening: Closed	1. d4 Nf6 2. c4 e6 3. g3 d5 4. Bg2 Be7 5. Nf3
E06	Catalan Opening: Closed	1. d4 Nf6 2. c4 e6 3. Nf3 d5 4. g3 Bb4+ 5. Bd2 Be7 6. Bg2 O-O 7. O-O c6 8. Bf4 b6
E06	Catalan Opening: Closed	1. d4 Nf6 2. c4 e6 3. g3 d5 4. Bg2 Be7 5. Nf3 O-O 6. O-O c6 7. Qc2 b6 8. Nbd2 Bb7 9. e4 Na6
E07	Catalan Opening: Closed	1. d4 Nf6 2. c4 e6 3. g3 d5 4. Bg2 Be7 5. Nf3 O-O 6. O-O Nbd7
E07	Catalan Opening: Closed, Botvinnik Variation	1. d4 Nf6 2. c4 e6 3. g3 d5 4. Bg2 Be7 5. Nf3 O-O 6. O-O Nbd7 7. Nc3 c6 8. Qd3
E08	Catalan Opening: Closed	1. d4 Nf6 2. c4 e6 3. g3 d5 4. Bg2 Be7 5. Nf3 O-O 6. O-O Nbd7 7. Qc2
E08	Catalan Opening: Closed	1. d4 Nf6 2. c4 e6 3. g3 d5 4. Bg2 Be7 5. Nf3 O-O 6. O-O Nbd7 7. Qc2 c6 8. b3
E08	Catalan Opening: Closed	1. d4 Nf6 2. c4 e6 3. g3 d5 4. Bg2 Be7 5. Nf3 O-O 6. O-O Nbd7 7. Qc2 c6 8. b3 b6
E08	Catalan Opening: Closed	1. d4 Nf6 2. c4 e6 3. g3 d5 4. Bg2 Be7 5. Nf3 O-O 6. O-O c6 7. Qc2 b6 8. Rd1 Nbd7 9. Bf4
E08	Catalan Opening: Closed	1. d4 Nf6 2. c4 e6 3. g3 d5 4. Bg2 Be7 5. Nf3 O-O 6. O-O Nbd7 7. Qc2 c6 8. Bf4 b6 9. Nbd2 Bb7 10. e4
E08	Catalan Opening: Closed, Spassky Gambit	1. d4 Nf6 2. c4 e6 3. g3 Be7 4. Bg2 d5 5. Nf3 O-O 6. O-O Nbd7 7. Qc2 c6 8. b3 b6 9. Rd1 Bb7 10. Nc3 b5
E08	Catalan Opening: Closed, Zagoryansky Variation	1. d4 e6 2. c4 Nf6 3. Nf3 d5 4. g3 Be7 5. Bg2 O-O 6. O-O Nbd7 7. Qc2 c6 8. Rd1 b6 9. a4
E09	Catalan Opening: Closed Variation, Rabinovich Variation	1. d4 d5 2. c4 c6 3. Nf3 Nf6 4. Qc2 e6 5. Nbd2 Be7 6. g3 Nbd7 7. Bg2 O-O 8. O-O b5
E09	Catalan Opening: Closed Variation, Traditional Variation	1. d4 Nf6 2. c4 e6 3. Nf3 d5 4. g3 Be7 5. Bg2 O-O 6. O-O Nbd7 7. Qc2 c6 8. Nbd2 b6
E09	Catalan Opening: Closed, Main Line	1. d4 Nf6 2. c4 e6 3. Nf3 d5 4. g3 Be7 5. Bg2 O-O 6. O-O Nbd7 7. Qc2 c6 8. Nbd2
E09	Catalan Opening: Closed, Main Line	1. d4 Nf6 2. c4 e6 3. Nf3 d5 4. g3 Be7 5. Bg2 O-O 6. O-O c6 7. Qc2 b6 8. Nbd2 Bb7 9. e4 Nbd7
E09	Catalan Opening: Closed, Main Line	1. d4 Nf6 2. c4 e6 3. Nf3 d5 4. g3 Be7 5. Bg2 O-O 6. O-O Nbd7 7. Qc2 c6 8. Bf4 b6 9. Nbd2 Bb7 10. e4 dxe4 11. Nxe4 Nxe4 12. Qxe4
E09	Catalan Opening: Closed, Sokolsky Variation	1. d4 Nf6 2. c4 e6 3. g3 d5 4. Bg2 Be7 5. Nf3 O-O 6. O-O Nbd7 7. Qc2 c6 8. Nbd2 b6 9. b3 a5 10. Bb2 Ba6
E10	Blumenfeld Countergambit	1. d4 Nf6 2. c4 e6 3. Nf3 c5 4. d5 b5
E10	Blumenfeld Countergambit Accepted	1. d4 Nf6 2. c4 e6 3. Nf3 c5 4. d5 b5 5. dxe6 fxe6 6. cxb5 d5
E10	Blumenfeld Countergambit: Duz-Khotimirsky Variation	1. d4 Nf6 2. c4 e6 3. Nf3 c5 4. d5 b5 5. Bg5
E10	Blumenfeld Countergambit: Spielmann Variation	1. d4 Nf6 2. c4 e6 3. Nf3 c5 4. d5 b5 5. Bg5 exd5 6. cxd5 h6
E10	Indian Defense: Anti-Nimzo-Indian	1. d4 Nf6 2. c4 e6 3. Nf3
E10	Indian Defense: Dzindzi-Indian Defense	1. d4 Nf6 2. c4 e6 3. Nf3 a6
E10	Indian Defense: Döry Indian	1. d4 Nf6 2. c4 e6 3. Nf3 Ne4
E11	Bogo-Indian Defense	1. d4 Nf6 2. c4 e6 3. Nf3 Bb4+
E11	Bogo-Indian Defense: Exchange Variation	1. d4 Nf6 2. c4 e6 3. Nf3 Bb4+ 4. Bd2 Bxd2+
E11	Bogo-Indian Defense: Grünfeld Variation	1. d4 Nf6 2. c4 e6 3. Nf3 Bb4+ 4. Nbd2
E11	Bogo-Indian Defense: Haiti Variation	1. d4 Nf6 2. c4 e6 3. Nf3 Bb4+ 4. Bd2 Nc6
E11	Bogo-Indian Defense: Monticelli Trap	1. d4 Nf6 2. c4 e6 3. Nf3 b6 4. g3 Bb7 5. Bg2 Bb4+ 6. Bd2 Bxd2+ 7. Qxd2 O-O 8. Nc3 Ne4 9. Qc2 Nxc3 10. Ng5
E11	Bogo-Indian Defense: New England Variation	1. d4 Nf6 2. c4 e6 3. Nf3 Bb4+ 4. Nfd2
E11	Bogo-Indian Defense: Nimzowitsch Variation	1. d4 Nf6 2. c4 e6 3. Nf3 Bb4+ 4. Bd2 Qe7
E11	Bogo-Indian Defense: Retreat Variation	1. d4 Nf6 2. c4 e6 3. Nf3 Bb4+ 4. Bd2 Be7
E11	Bogo-Indian Defense: Retreat Variation	1. d4 Nf6 2. c4 e6 3. g3 Bb4+ 4. Bd2 Be7 5. Bg2 d5 6. Nf3
E11	Bogo-Indian Defense: Retreat Variation	1. d4 Nf6 2. c4 e6 3. g3 Bb4+ 4. Bd2 Be7 5. Bg2 d5 6. Nf3 O-O
E11	Bogo-Indian Defense: Retreat Variation	1. d4 Nf6 2. c4 e6 3. g3 Bb4+ 4. Bd2 Be7 5. Bg2 d5 6. Nf3 O-O 7. O-O
E11	Bogo-Indian Defense: Retreat Variation	1. d4 Nf6 2. c4 e6 3. g3 Bb4+ 4. Bd2 Be7 5. Bg2 d5 6. Nf3 O-O 7. Qc2 c6 8. O-O
E11	Bogo-Indian Defense: Retreat Variation	1. d4 Nf6 2. c4 e6 3. g3 Bb4+ 4. Bd2 Be7 5. Bg2 d5 6. Nf3 Nbd7 7. O-O O-O 8. Qc2 c6
E11	Bogo-Indian Defense: Retreat Variation	1. d4 Nf6 2. c4 e6 3. Nf3 d5 4. g3 Bb4+ 5. Bd2 Be7 6. Bg2 O-O 7. O-O c6 8. Qc2 Nbd7 9. Bf4 b6 10. Nbd2
E11	Bogo-Indian Defense: Retreat Variation	1. d4 Nf6 2. c4 e6 3. Nf3 d5 4. g3 Bb4+ 5. Bd2 Be7 6. Bg2 O-O 7. O-O c6 8. Qc2 Nbd7 9. Bf4 b6 10. Nbd2 Ba6
E11	Bogo-Indian Defense: Vitolins Variation	1. d4 Nf6 2. c4 e6 3. Nf3 Bb4+ 4. Bd2 c5
E11	Bogo-Indian Defense: Wade-Smyslov Variation	1. d4 Nf6 2. c4 e6 3. Nf3 Bb4+ 4. Bd2 a5
E12	Queen's Indian Defense	1. d4 Nf6 2. c4 e6 3. Nf3 b6
E12	Queen's Indian Defense: Kasparov Variation	1. d4 Nf6 2. c4 e6 3. Nf3 b6 4. Nc3
E12	Queen's Indian Defense: Kasparov Variation, Botvinnik Attack	1. d4 Nf6 2. c4 e6 3. Nf3 b6 4. Nc3 Bb7 5. Bg5 h6 6. Bh4 g5 7. Bg3 Nh5
E12	Queen's Indian Defense: Kasparov-Petrosian Variation	1. d4 Nf6 2. c4 e6 3. Nf3 b6 4. a3 Bb7 5. Nc3
E12	Queen's Indian Defense: Kasparov-Petrosian Variation, Andersson Variation	1. d4 Nf6 2. c4 e6 3. Nf3 b6 4. a3 Bb7 5. Nc3 Ne4
E12	Queen's Indian Defense: Kasparov-Petrosian Variation, Classical Variation	1. d4 Nf6 2. c4 e6 3. Nf3 b6 4. a3 Bb7 5. Nc3 d5 6. cxd5 exd5
E12	Queen's Indian Defense: Kasparov-Petrosian Variation, Hedgehog Variation	1. d4 Nf6 2. c4 e6 3. Nf3 b6 4. a3 Bb7 5. Nc3 g6
E12	Queen's Indian Defense: Kasparov-Petrosian Variation, Kasparov Attack	1. d4 Nf6 2. c4 e6 3. Nf3 b6 4. a3 Bb7 5. Nc3 d5 6. cxd5 Nxd5 7. Qc2
E12	Queen's Indian Defense: Kasparov-Petrosian Variation, Main Line	1. d4 Nf6 2. c4 e6 3. Nf3 b6 4. a3 Bb7 5. Nc3 d5
E12	Queen's Indian Defense: Kasparov-Petrosian Variation, Marco Defense	1. d4 Nf6 2. c4 e6 3. Nf3 b6 4. a3 Bb7 5. Nc3 Be7
E12	Queen's Indian Defense: Kasparov-Petrosian Variation, Modern Variation	1. d4 Nf6 2. c4 e6 3. Nf3 b6 4. a3 Bb7 5. Nc3 d5 6. cxd5 Nxd5
E12	Queen's Indian Defense: Kasparov-Petrosian Variation, Petrosian Attack	1. d4 Nf6 2. c4 e6 3. Nf3 b6 4. a3 Bb7 5. Nc3 d5 6. cxd5 Nxd5 7. e3
E12	Queen's Indian Defense: Kasparov-Petrosian Variation, Polovodin Gambit	1. d4 Nf6 2. c4 e6 3. Nf3 b6 4. Nc3 Bb7 5. a3 d5 6. cxd5 Nxd5 7. e4
E12	Queen's Indian Defense: Kasparov-Petrosian Variation, Rashkovsky Attack	1. d4 Nf6 2. c4 e6 3. Nf3 b6 4. a3 Bb7 5. Nc3 d5 6. cxd5 Nxd5 7. Qa4+
E12	Queen's Indian Defense: Kasparov-Petrosian Variation, Romanishin Attack	1. d4 Nf6 2. c4 e6 3. Nf3 b6 4. a3 Bb7 5. Nc3 d5 6. cxd5 Nxd5 7. Bd2
E12	Queen's Indian Defense: Miles Variation	1. d4 Nf6 2. c4 e6 3. Nf3 b6 4. Bf4
E12	Queen's Indian Defense: Petrosian Variation	1. d4 Nf6 2. c4 e6 3. Nf3 b6 4. a3
E12	Queen's Indian Defense: Petrosian Variation, Farago Defense	1. d4 Nf6 2. c4 e6 3. Nf3 b6 4. a3 Ba6 5. Qc2 Bb7
E13	Queen's Indian Defense: Kasparov Variation	1. d4 Nf6 2. c4 e6 3. Nf3 b6 4. Nc3 Bb4 5. Bg5 h6 6. Bh4 Bb7
E14	Queen's Indian Defense: Averbakh Variation	1. d4 Nf6 2. c4 e6 3. Nf3 b6 4. e3 Bb7 5. Bd3 c5 6. O-O Be7 7. b3 O-O 8. Bb2 cxd4 9. Nxd4
E14	Queen's Indian Defense: Spassky System	1. d4 Nf6 2. c4 e6 3. Nf3 b6 4. e3
E15	Queen's Indian Defense: Buerger Variation	1. d4 Nf6 2. c4 e6 3. Nf3 b6 4. g3 Bb7 5. Bg2 c5 6. d5 exd5 7. Ng5
E15	Queen's Indian Defense: Fianchetto Variation	1. d4 Nf6 2. c4 e6 3. Nf3 b6 4. g3
E15	Queen's Indian Defense: Fianchetto Variation, Check Variation	1. d4 Nf6 2. c4 e6 3. Nf3 b6 4. g3 Ba6 5. b3 Bb4+
E15	Queen's Indian Defense: Fianchetto Variation, Check Variation, Intermezzo Line	1. d4 Nf6 2. c4 e6 3. Nf3 b6 4. g3 Ba6 5. b3 Bb4+ 6. Bd2 Be7
E15	Queen's Indian Defense: Fianchetto Variation, Check Variation, Modern Line	1. d4 Nf6 2. c4 e6 3. Nf3 b6 4. g3 Ba6 5. b3 Bb4+ 6. Bd2 Qe7
E15	Queen's Indian Defense: Fianchetto Variation, Nimzowitsch Variation	1. d4 Nf6 2. c4 e6 3. Nf3 b6 4. g3 Ba6
E15	Queen's Indian Defense: Fianchetto Variation, Nimzowitsch Variation, Nimzowitsch Attack	1. d4 Nf6 2. c4 e6 3. Nf3 b6 4. g3 Ba6 5. Qa4
E15	Queen's Indian Defense: Fianchetto Variation, Nimzowitsch Variation, Quiet Line	1. d4 Nf6 2. c4 e6 3. Nf3 b6 4. g3 Ba6 5. b3
E15	Queen's Indian Defense: Fianchetto Variation, Nimzowitsch Variation, Timman's Line	1. d4 Nf6 2. c4 e6 3. Nf3 b6 4. g3 Ba6 5. Qb3
E15	Queen's Indian Defense: Fianchetto Variation, Rubinstein Variation	1. d4 Nf6 2. c4 e6 3. Nf3 b6 4. g3 Bb7 5. Bg2 c5 6. d5 exd5 7. Nh4
E15	Queen's Indian Defense: Fianchetto Variation, Sämisch Variation	1. d4 Nf6 2. c4 e6 3. Nf3 b6 4. g3 Bb7 5. Bg2 c5
E15	Queen's Indian Defense: Fianchetto Variation, Traditional Line	1. d4 Nf6 2. c4 e6 3. Nf3 b6 4. g3 Bb7
E16	Queen's Indian Defense: Capablanca Variation	1. d4 Nf6 2. c4 e6 3. Nf3 b6 4. g3 Bb7 5. Bg2 Bb4+
E16	Queen's Indian Defense: Riumin Variation	1. d4 Nf6 2. c4 e6 3. Nf3 b6 4. g3 Bb7 5. Bg2 Bb4+ 6. Bd2 Be7
E16	Queen's Indian Defense: Yates Variation	1. d4 Nf6 2. c4 e6 3. Nf3 Bb4+ 4. Bd2 a5 5. g3 b6 6. Bg2 Bb7
E17	Queen's Indian Defense: Anti-Queen's Indian System	1. d4 Nf6 2. c4 e6 3. Nf3 b6 4. g3 Bb7 5. Bg2 Be7 6. Nc3
E17	Queen's Indian Defense: Classical Variation	1. d4 Nf6 2. c4 e6 3. Nf3 b6 4. g3 Bb7 5. Bg2 Be7 6. O-O
E17	Queen's Indian Defense: Classical Variation, Polugaevsky Gambit	1. d4 Nf6 2. c4 e6 3. Nf3 b6 4. g3 Bb7 5. Bg2 Be7 6. O-O O-O 7. d5 exd5 8. Nh4
E17	Queen's Indian Defense: Classical Variation, Taimanov Gambit	1. d4 Nf6 2. c4 e6 3. Nf3 b6 4. g3 Bb7 5. Bg2 Be7 6. O-O O-O 7. d5 exd5 8. Nd4
E17	Queen's Indian Defense: Euwe Variation	1. d4 Nf6 2. c4 e6 3. Nf3 b6 4. g3 Bb7 5. Bg2 Be7 6. O-O O-O 7. b3
E17	Queen's Indian Defense: Fianchetto Variation, Kramnik Variation	1. d4 Nf6 2. c4 e6 3. Nf3 b6 4. g3 Bb7 5. Bg2 Be7 6. O-O O-O 7. Re1
E17	Queen's Indian Defense: Opocensky Variation	1. d4 Nf6 2. c4 e6 3. Nf3 b6 4. g3 Bb7 5. Bg2 Be7 6. Nc3 Ne4 7. Bd2
E17	Queen's Indian Defense: Traditional Variation	1. d4 Nf6 2. c4 e6 3. Nf3 b6 4. g3 Bb7 5. Bg2 Be7
E18	Queen's Indian Defense: Classical Variation, Tiviakov Defense	1. d4 Nf6 2. c4 e6 3. Nf3 b6 4. g3 Bb7 5. Bg2 Be7 6. O-O O-O 7. Nc3 Na6
E18	Queen's Indian Defense: Classical Variation, Traditional Variation	1. d4 Nf6 2. c4 e6 3. Nf3 b6 4. g3 Bb7 5. Bg2 Be7 6. O-O O-O 7. Nc3
E18	Queen's Indian Defense: Classical Variation, Traditional Variation, Nimzowitsch Line	1. d4 Nf6 2. c4 e6 3. Nf3 b6 4. g3 Bb7 5. Bg2 Be7 6. O-O O-O 7. Nc3 d5
E19	Queen's Indian Defense: Classical Variation, Traditional Variation, Main Line	1. d4 Nf6 2. c4 e6 3. Nf3 b6 4. g3 Bb7 5. Bg2 Be7 6. O-O O-O 7. Nc3 Ne4 8. Qc2 Nxc3 9. Qxc3
E20	Nimzo-Indian Defense	1. d4 Nf6 2. c4 e6 3. Nc3 Bb4
E20	Nimzo-Indian Defense: Dilworth Gambit	1. d4 Nf6 2. c4 e6 3. Nc3 Bb4 4. e4
E20	Nimzo-Indian Defense: Kmoch Variation	1. d4 Nf6 2. c4 e6 3. Nc3 Bb4 4. f3
E20	Nimzo-Indian Defense: Mikenas Attack	1. d4 Nf6 2. c4 e6 3. Nc3 Bb4 4. Qd3
E20	Nimzo-Indian Defense: Romanishin Variation	1. d4 Nf6 2. c4 e6 3. Nc3 Bb4 4. g3
E20	Nimzo-Indian Defense: Romanishin Variation	1. d4 Nf6 2. c4 e6 3. Nc3 Bb4 4. Nf3 c5 5. g3 O-O 6. Bg2
E20	Nimzo-Indian Defense: Romanishin Variation, English Hybrid	1. d4 Nf6 2. c4 e6 3. Nc3 Bb4 4. Nf3 c5 5. g3 cxd4 6. Nxd4 O-O 7. Bg2 d5 8. cxd5 Nxd5
E21	Nimzo-Indian Defense: Three Knights Variation	1. d4 Nf6 2. c4 e6 3. Nc3 Bb4 4. Nf3
E21	Nimzo-Indian Defense: Three Knights Variation, Euwe Variation	1. d4 Nf6 2. c4 e6 3. Nc3 Bb4 4. Nf3 c5 5. d5 Ne4
E21	Nimzo-Indian Defense: Three Knights Variation, Korchnoi Variation	1. d4 Nf6 2. c4 e6 3. Nc3 Bb4 4. Nf3 c5 5. d5
E21	Nimzo-Indian Defense: Three Knights Variation, Shocron Gambit	1. d4 Nf6 2. c4 e6 3. Nf3 Bb4+ 4. Nc3 c5 5. d5 b5
E22	Nimzo-Indian Defense: Spielmann Variation	1. d4 Nf6 2. c4 e6 3. Nc3 Bb4 4. Qb3
E23	Nimzo-Indian Defense: Spielmann Variation, Carlsbad Variation	1. d4 Nf6 2. c4 e6 3. Nc3 Bb4 4. Qb3 c5 5. dxc5 Nc6 6. Nf3 Ne4 7. Bd2 Nxd2
E23	Nimzo-Indian Defense: Spielmann Variation, Romanovsky Gambit	1. d4 Nf6 2. c4 e6 3. Nc3 Bb4 4. Qb3 c5 5. dxc5 Nc6
E23	Nimzo-Indian Defense: Spielmann Variation, Stahlberg Variation	1. d4 Nf6 2. c4 e6 3. Nc3 Bb4 4. Qb3 c5 5. dxc5 Nc6 6. Nf3 Ne4 7. Bd2 Nxc5
E23	Nimzo-Indian Defense: Spielmann Variation, Stahlberg Variation	1. d4 Nf6 2. c4 e6 3. Nc3 Bb4 4. Qb3 c5 5. dxc5 Nc6 6. Nf3 Ne4 7. Bd2 Nxc5 8. Qc2 f5 9. g3
E24	Nimzo-Indian Defense: Sämisch Variation	1. d4 Nf6 2. c4 e6 3. Nc3 Bb4 4. a3
E24	Nimzo-Indian Defense: Sämisch Variation, Botvinnik Variation	1. d4 Nf6 2. c4 e6 3. Nc3 Bb4 4. f3 d5 5. a3 Bxc3+ 6. bxc3 c5 7. e3 O-O 8. cxd5 Nxd5
E25	Nimzo-Indian Defense: Sämisch Variation	1. d4 Nf6 2. c4 e6 3. Nc3 Bb4 4. f3 d5 5. a3 Bxc3+ 6. bxc3 c5 7. cxd5
E25	Nimzo-Indian Defense: Sämisch Variation, Keres Variation	1. d4 Nf6 2. c4 e6 3. Nc3 Bb4 4. f3 d5 5. a3 Bxc3+ 6. bxc3 c5 7. cxd5 Nxd5 8. dxc5
E25	Nimzo-Indian Defense: Sämisch Variation, Romanovsky Variation	1. d4 Nf6 2. c4 e6 3. Nc3 Bb4 4. f3 d5 5. a3 Bxc3+ 6. bxc3 c5 7. cxd5 Nxd5 8. dxc5 f5
E26	Nimzo-Indian Defense: Sämisch Variation	1. d4 Nf6 2. c4 e6 3. Nc3 Bb4 4. a3 Bxc3+ 5. bxc3 c5 6. e3
E26	Nimzo-Indian Defense: Sämisch Variation, O'Kelly Variation	1. d4 Nf6 2. c4 e6 3. Nc3 Bb4 4. a3 Bxc3+ 5. bxc3 c5 6. e3 b6
E27	Nimzo-Indian Defense: Sämisch Variation	1. d4 Nf6 2. c4 e6 3. Nc3 Bb4 4. a3 Bxc3+ 5. bxc3 O-O
E28	Nimzo-Indian Defense: Sämisch Variation	1. d4 Nf6 2. c4 e6 3. Nc3 Bb4 4. e3 O-O 5. a3 Bxc3+ 6. bxc3
E29	Nimzo-Indian Defense: Sämisch Variation	1. d4 Nf6 2. c4 e6 3. Nc3 Bb4 4. e3 c5 5. Bd3 Nc6 6. a3 Bxc3+ 7. bxc3 O-O
E29	Nimzo-Indian Defense: Sämisch Variation, Capablanca Variation	1. d4 Nf6 2. c4 e6 3. Nc3 Bb4 4. e3 c5 5. Bd3 Nc6 6. a3 Bxc3+ 7. bxc3 O-O 8. Ne2 b6 9. e4 Ne8
E30	Nimzo-Indian Defense: Leningrad Variation	1. d4 Nf6 2. c4 e6 3. Nc3 Bb4 4. Bg5
E30	Nimzo-Indian Defense: Leningrad Variation, Averbakh Gambit	1. d4 Nf6 2. c4 e6 3. Nc3 Bb4 4. Bg5 h6 5. Bh4 c5 6. d5 b5
E31	Nimzo-Indian Defense: Leningrad Variation, Benoni Defense	1. d4 Nf6 2. c4 e6 3. Nc3 Bb4 4. Bg5 h6 5. Bh4 c5 6. d5 d6
E32	Nimzo-Indian Defense: Classical Variation	1. d4 Nf6 2. c4 e6 3. Nc3 Bb4 4. Qc2
E32	Nimzo-Indian Defense: Classical Variation, Keres Defense	1. d4 Nf6 2. c4 e6 3. Nc3 Bb4 4. Qc2 O-O 5. a3 Bxc3+ 6. Qxc3 b6
E32	Nimzo-Indian Defense: Classical Variation, Vitolins-Adorjan Gambit	1. d4 Nf6 2. c4 e6 3. Nc3 Bb4 4. Qc2 O-O 5. a3 Bxc3+ 6. Qxc3 b5
E33	Nimzo-Indian Defense: Classical Variation, Milner-Barry Variation	1. d4 Nf6 2. c4 e6 3. Nc3 Bb4 4. Qc2 Nc6 5. Nf3 d6
E33	Nimzo-Indian Defense: Classical Variation, Zurich Variation	1. d4 Nf6 2. c4 e6 3. Nc3 Bb4 4. Qc2 Nc6
E34	Nimzo-Indian Defense: Classical Variation, Belyavsky Gambit	1. d4 Nf6 2. c4 e6 3. Nc3 Bb4 4. Qc2 d5 5. cxd5 Qxd5 6. Nf3 Qf5 7. Qd1 e5
E34	Nimzo-Indian Defense: Classical Variation, Noa Variation	1. d4 Nf6 2. c4 e6 3. Nc3 Bb4 4. Qc2 d5
E35	Nimzo-Indian Defense: Classical Variation, Noa Variation	1. d4 Nf6 2. c4 e6 3. Nc3 Bb4 4. Qc2 d5 5. cxd5 exd5
E36	Nimzo-Indian Defense: Classical Variation, Noa Variation	1. d4 Nf6 2. c4 e6 3. Nc3 Bb4 4. Qc2 d5 5. a3
E36	Nimzo-Indian Defense: Classical Variation, Noa Variation, Botvinnik Variation	1. d4 Nf6 2. c4 e6 3. Nc3 Bb4 4. Qc2 d5 5. a3 Bxc3+ 6. Qxc3 Nc6
E36	Nimzo-Indian Defense: Classical Variation, Noa Variation, Main Line	1. d4 Nf6 2. c4 e6 3. Nc3 Bb4 4. Qc2 d5 5. a3 Bxc3+ 6. Qxc3 Ne4
E36	Nimzo-Indian Defense: Classical Variation, Romanishin Gambit	1. d4 Nf6 2. c4 e6 3. Nc3 Bb4 4. Qc2 d5 5. a3 Bxc3+ 6. Qxc3 c5
E37	Nimzo-Indian Defense: Classical Variation, Modern Variation	1. d4 Nf6 2. c4 e6 3. Nc3 Bb4 4. Qc2 d5 5. a3 Bxc3+ 6. Qxc3 Ne4 7. Qc2 c5
E37	Nimzo-Indian Defense: Classical Variation, Noa Variation	1. d4 Nf6 2. c4 e6 3. Nc3 Bb4 4. Qc2 d5 5. a3 Bxc3+ 6. Qxc3 Ne4 7. Qc2
E37	Nimzo-Indian Defense: Classical Variation, Noa Variation, San Remo Variation	1. d4 Nf6 2. c4 e6 3. Nc3 Bb4 4. Qc2 d5 5. a3 Bxc3+ 6. Qxc3 Ne4 7. Qc2 Nc6 8. e3 e5
E38	Nimzo-Indian Defense: Classical Variation, Berlin Variation	1. d4 Nf6 2. c4 e6 3. Nc3 Bb4 4. Qc2 c5
E38	Nimzo-Indian Defense: Classical Variation, Berlin Variation	1. d4 Nf6 2. c4 e6 3. Nc3 Bb4 4. Qc2 O-O 5. e3 d5 6. Nf3 c5
E38	Nimzo-Indian Defense: Classical Variation, Berlin Variation, Steiner Variation	1. d4 Nf6 2. c4 e6 3. Nc3 Bb4 4. Qc2 c5 5. dxc5 Bxc3+
E39	Nimzo-Indian Defense: Classical Variation, Berlin Variation, Macieja System	1. d4 Nf6 2. c4 e6 3. Nc3 Bb4 4. Qc2 c5 5. dxc5 O-O 6. a3 Bxc5 7. Nf3 b6
E39	Nimzo-Indian Defense: Classical Variation, Berlin Variation, Pirc Variation	1. d4 Nf6 2. c4 e6 3. Nc3 Bb4 4. Qc2 c5 5. dxc5 O-O
E40	Nimzo-Indian Defense: Rubinstein System	1. d4 Nf6 2. c4 e6 3. Nc3 Bb4 4. e3
E40	Nimzo-Indian Defense: Rubinstein System, Taimanov Variation	1. d4 Nf6 2. c4 e6 3. Nc3 Bb4 4. e3 Nc6
E41	Nimzo-Indian Defense: Rubinstein System	1. d4 Nf6 2. c4 e6 3. Nc3 Bb4 4. e3 c5
E41	Nimzo-Indian Defense: Rubinstein System, Hübner Variation	1. d4 Nf6 2. c4 e6 3. Nc3 Bb4 4. e3 c5 5. Bd3 Nc6 6. Nf3 Bxc3+ 7. bxc3 d6
E41	Nimzo-Indian Defense: Rubinstein System, Hübner Variation	1. d4 Nf6 2. c4 e6 3. Nc3 Bb4 4. e3 c5 5. Bd3 Nc6 6. Nf3 Bxc3+ 7. bxc3 d6 8. O-O O-O
E42	Nimzo-Indian Defense: Rubinstein System, Rubinstein Variation	1. d4 Nf6 2. c4 e6 3. Nc3 Bb4 4. e3 c5 5. Ne2
E42	Nimzo-Indian Defense: Rubinstein System, Rubinstein Variation, Main Line	1. d4 Nf6 2. c4 e6 3. Nc3 Bb4 4. e3 c5 5. Ne2 cxd4 6. exd4 O-O 7. a3
E42	Nimzo-Indian Defense: Rubinstein System, Rubinstein Variation, Sherbakov Attack	1. d4 Nf6 2. c4 e6 3. Nc3 Bb4 4. e3 c5 5. Ne2 cxd4 6. exd4 O-O 7. c5
E43	Nimzo-Indian Defense: St. Petersburg Variation	1. d4 Nf6 2. c4 e6 3. Nc3 Bb4 4. e3 b6
E43	Nimzo-Indian Defense: St. Petersburg Variation	1. d4 Nf6 2. c4 e6 3. Nc3 Bb4 4. e3 b6 5. Bd3 Bb7 6. Nf3
E43	Nimzo-Indian Defense: St. Petersburg Variation	1. d4 Nf6 2. c4 e6 3. Nc3 Bb4 4. e3 b6 5. Bd3 Bb7 6. Nf3 O-O
E43	Nimzo-Indian Defense: St. Petersburg Variation	1. d4 Nf6 2. c4 e6 3. Nc3 Bb4 4. e3 b6 5. Bd3 Bb7 6. Nf3 O-O 7. O-O
E43	Nimzo-Indian Defense: St. Petersburg Variation	1. d4 Nf6 2. c4 e6 3. Nc3 Bb4 4. e3 b6 5. Bd3 Bb7 6. Nf3 O-O 7. O-O c5
E43	Nimzo-Indian Defense: St. Petersburg Variation	1. d4 Nf6 2. c4 e6 3. Nc3 Bb4 4. e3 b6 5. Bd3 Bb7 6. Nf3 O-O 7. O-O c5 8. Na4 cxd4 9. a3 Be7
E43	Nimzo-Indian Defense: St. Petersburg Variation	1. d4 Nf6 2. c4 e6 3. Nc3 Bb4 4. e3 Ne4 5. Qc2 f5 6. Nf3 b6 7. Bd3 Bb7
E43	Nimzo-Indian Defense: St. Petersburg Variation	1. d4 Nf6 2. c4 e6 3. Nc3 Bb4 4. e3 O-O 5. Bd3 c5 6. Nf3 b6 7. O-O Bb7 8. Na4 Qe7
E43	Nimzo-Indian Defense: St. Petersburg Variation	1. d4 Nf6 2. c4 e6 3. Nc3 Bb4 4. Nf3 Bxc3+ 5. bxc3 b6 6. e3 Bb7 7. Bd3 O-O 8. O-O
E43	Nimzo-Indian Defense: St. Petersburg Variation	1. d4 Nf6 2. c4 e6 3. Nc3 Bb4 4. Nf3 b6 5. e3 Ne4 6. Qc2
E43	Nimzo-Indian Defense: St. Petersburg Variation	1. d4 Nf6 2. c4 e6 3. Nc3 Bb4 4. Nf3 b6 5. e3 Ne4 6. Qc2 Bb7 7. Bd3 Bxc3+ 8. bxc3 f5 9. O-O
E43	Nimzo-Indian Defense: St. Petersburg Variation, with Ne4	1. d4 Nf6 2. c4 e6 3. Nc3 Bb4 4. e3 b6 5. Bd3 Bb7 6. Nf3 Ne4
E44	Nimzo-Indian Defense: St. Petersburg Variation	1. d4 Nf6 2. c4 e6 3. Nc3 Bb4 4. e3 b6 5. Ne2
E44	Nimzo-Indian Defense: St. Petersburg Variation, American Variation	1. d4 Nf6 2. c4 e6 3. Nc3 Bb4 4. e3 b6 5. Ne2 Ne4
E44	Nimzo-Indian Defense: St. Petersburg Variation, Romanishin–Psakhis Variation	1. d4 Nf6 2. c4 e6 3. Nc3 Bb4 4. e3 b6 5. Ne2 c5 6. a3 Ba5
E45	Nimzo-Indian Defense: St. Petersburg Variation, Fischer Variation	1. d4 Nf6 2. c4 e6 3. Nc3 Bb4 4. e3 b6 5. Ne2 Ba6
E46	Nimzo-Indian Defense: Normal Variation	1. d4 Nf6 2. c4 e6 3. Nc3 Bb4 4. e3 O-O
E46	Nimzo-Indian Defense: Reshevsky Variation	1. d4 Nf6 2. c4 e6 3. Nc3 Bb4 4. e3 O-O 5. Ne2
E46	Nimzo-Indian Defense: Simagin Variation	1. d4 Nf6 2. c4 e6 3. Nc3 Bb4 4. e3 O-O 5. Ne2 d5 6. a3 Bd6
E47	Nimzo-Indian Defense: Normal Variation	1. d4 Nf6 2. c4 e6 3. Nc3 Bb4 4. e3 O-O 5. Bd3
E48	Nimzo-Indian Defense: Normal Variation, Classical Defense	1. d4 Nf6 2. c4 e6 3. Nc3 Bb4 4. e3 O-O 5. Bd3 d5
E48	Nimzo-Indian Defense: Ragozin Defense	1. d4 Nf6 2. c4 e6 3. Nc3 Bb4 4. e3 O-O 5. Bd3 d5 6. Nf3 Nc6 7. O-O
E49	Nimzo-Indian Defense: Normal Variation, Botvinnik System	1. d4 Nf6 2. c4 e6 3. Nc3 Bb4 4. e3 O-O 5. Bd3 d5 6. a3 Bxc3+ 7. bxc3
E50	Nimzo-Indian Defense	1. d4 Nf6 2. c4 e6 3. Nc3 Bb4 4. e3 O-O 5. Nf3
E51	Nimzo-Indian Defense: Normal Variation, Ragozin Variation	1. d4 Nf6 2. c4 e6 3. Nc3 Bb4 4. e3 O-O 5. Nf3 d5
E51	Nimzo-Indian Defense: Normal Variation, Sämisch Deferred	1. d4 Nf6 2. c4 e6 3. Nc3 Bb4 4. e3 O-O 5. Nf3 d5 6. a3
E51	Nimzo-Indian Defense: Ragozin Variation	1. d4 Nf6 2. c4 e6 3. Nc3 Bb4 4. e3 O-O 5. Bd3 d5 6. Nf3 Nc6 7. O-O dxc4
E52	Nimzo-Indian Defense: Normal Variation, Schlechter Defense	1. d4 Nf6 2. c4 e6 3. Nc3 Bb4 4. e3 O-O 5. Bd3 d5 6. Nf3 b6
E52	Nimzo-Indian Defense: Normal Variation, Schlechter Defense	1. d4 Nf6 2. c4 e6 3. Nc3 Bb4 4. e3 b6 5. Bd3 Bb7 6. Nf3 O-O 7. O-O d5
E53	Nimzo-Indian Defense: Normal Variation, Gligoric System	1. d4 Nf6 2. c4 e6 3. Nc3 Bb4 4. e3 O-O 5. Bd3 d5 6. Nf3 c5
E53	Nimzo-Indian Defense: Normal Variation, Gligoric System	1. d4 Nf6 2. c4 e6 3. Nc3 Bb4 4. e3 O-O 5. Bd3 d5 6. Nf3 c5 7. O-O Nbd7
E53	Nimzo-Indian Defense: Normal Variation, Gligoric System, Keres Variation	1. d4 Nf6 2. c4 e6 3. Nc3 Bb4 4. e3 O-O 5. Bd3 d5 6. Nf3 c5 7. O-O b6
E54	Nimzo-Indian Defense: Normal Variation, Gligoric System, Exchange Variation	1. d4 Nf6 2. c4 e6 3. Nc3 Bb4 4. e3 O-O 5. Bd3 d5 6. Nf3 c5 7. O-O dxc4 8. Bxc4
E54	Nimzo-Indian Defense: Normal Variation, Gligoric System, Smyslov Variation	1. d4 Nf6 2. c4 e6 3. Nc3 Bb4 4. e3 O-O 5. Bd3 d5 6. Nf3 c5 7. O-O dxc4 8. Bxc4 Qe7
E55	Nimzo-Indian Defense: Normal Variation, Gligoric System, Bronstein Variation	1. d4 Nf6 2. c4 e6 3. Nc3 Bb4 4. e3 O-O 5. Bd3 d5 6. Nf3 c5 7. O-O dxc4 8. Bxc4 Nbd7
E56	Nimzo-Indian Defense: Normal Variation, Gligoric System, Bernstein Defense	1. d4 Nf6 2. c4 e6 3. Nc3 Bb4 4. e3 O-O 5. Bd3 d5 6. Nf3 c5 7. O-O Nc6
E58	Nimzo-Indian Defense: Normal Variation, Bernstein Defense, Exchange Line	1. d4 Nf6 2. c4 e6 3. Nc3 Bb4 4. e3 O-O 5. Bd3 d5 6. Nf3 c5 7. O-O Nc6 8. a3 Bxc3 9. bxc3
E59	Nimzo-Indian Defense: Normal Variation, Bernstein Defense	1. d4 Nf6 2. c4 e6 3. Nc3 Bb4 4. e3 O-O 5. Bd3 d5 6. Nf3 c5 7. O-O Nc6 8. a3 Bxc3 9. bxc3 dxc4 10. Bxc4
E59	Nimzo-Indian Defense: Normal Variation, Bernstein Defense	1. d4 Nf6 2. c4 e6 3. Nc3 Bb4 4. e3 O-O 5. Bd3 d5 6. a3 Bxc3+ 7. bxc3 dxc4 8. Bxc4 c5 9. Nf3 Nc6 10. O-O Qc7 11. Qc2
E60	Grünfeld Defense: Counterthrust Variation	1. d4 Nf6 2. c4 g6 3. g3 Bg7 4. Bg2 d5
E60	Indian Defense: Anti-Grünfeld, Adorjan Gambit	1. d4 Nf6 2. c4 g6 3. d5 b5
E60	Indian Defense: Anti-Grünfeld, Advance Variation	1. d4 Nf6 2. c4 g6 3. d5
E60	Indian Defense: Anti-Grünfeld, Alekhine Variation	1. d4 Nf6 2. c4 g6 3. f3
E60	Indian Defense: Anti-Grünfeld, Alekhine Variation, Leko Gambit	1. d4 Nf6 2. c4 g6 3. f3 e5
E60	Indian Defense: Anti-Grünfeld, Basman-Williams Attack	1. d4 Nf6 2. c4 g6 3. h4
E60	Indian Defense: West Indian Defense	1. d4 Nf6 2. c4 g6
E60	King's Indian Defense: Fianchetto Variation	1. d4 Nf6 2. c4 g6 3. Nf3 Bg7 4. g3
E60	King's Indian Defense: Fianchetto Variation, Immediate Fianchetto	1. d4 Nf6 2. c4 g6 3. g3
E60	King's Indian Defense: Normal Variation, King's Knight Variation	1. d4 Nf6 2. Nf3 g6 3. c4
E60	King's Indian Defense: Santasiere Variation	1. d4 Nf6 2. c4 g6 3. Nf3 Bg7 4. b4
E60	King's Indian Defense: Semi-Classical Variation, Benoni Variation	1. d4 Nf6 2. c4 g6 3. Nc3 Bg7 4. Nf3 O-O 5. e3 d6 6. Be2 c6
E60	King's Indian Defense: Semi-Classical Variation, Hollywood Variation	1. d4 Nf6 2. Nf3 g6 3. c4 Bg7 4. Nc3 O-O 5. e3 d6 6. Be2 Nc6
E60	Queen's Pawn, Mengarini Attack	1. d4 Nf6 2. c4 g6 3. Qc2
E61	King's Indian Defense	1. d4 Nf6 2. c4 g6 3. Nc3
E61	King's Indian Defense: Fianchetto Variation, Benjamin Defense	1. d4 Nf6 2. c4 g6 3. Nc3 Bg7 4. Nf3 d6 5. g3 O-O 6. Bg2 c6 7. O-O Qb6
E61	King's Indian Defense: Semi-Classical Variation	1. d4 Nf6 2. c4 g6 3. Nc3 Bg7 4. Nf3 O-O 5. e3 d6 6. Be2
E61	King's Indian Defense: Semi-Classical Variation, Exchange Variation	1. d4 Nf6 2. c4 g6 3. Nc3 Bg7 4. Nf3 O-O 5. e3 d6 6. Be2 Nbd7 7. O-O e5 8. dxe5 dxe5
E61	King's Indian Defense: Semi-Classical Variation, Queenside Storm Line	1. d4 Nf6 2. c4 g6 3. Nc3 Bg7 4. Nf3 O-O 5. e3 d6 6. Be2 Nbd7 7. O-O e5 8. b4
E61	King's Indian Defense: Smyslov Variation	1. d4 Nf6 2. c4 g6 3. Nc3 Bg7 4. Nf3 d6 5. Bg5
E62	King's Indian Defense: Fianchetto Variation, Carlsbad Variation	1. d4 Nf6 2. c4 g6 3. g3 Bg7 4. Bg2 O-O 5. Nc3 d6 6. Nf3 Nc6
E62	King's Indian Defense: Fianchetto Variation, Delayed Fianchetto	1. d4 Nf6 2. c4 g6 3. Nc3 Bg7 4. Nf3 d6 5. g3
E62	King's Indian Defense: Fianchetto Variation, Kavalek Defense	1. d4 Nf6 2. c4 g6 3. Nf3 Bg7 4. g3 O-O 5. Bg2 d6 6. O-O c6 7. Nc3 Qa5
E62	King's Indian Defense: Fianchetto Variation, Larsen Defense	1. d4 Nf6 2. c4 g6 3. Nc3 Bg7 4. Nf3 d6 5. g3 O-O 6. Bg2 c6 7. O-O Bf5
E62	King's Indian Defense: Fianchetto Variation, Lesser Simagin (Spassky)	1. d4 Nf6 2. c4 g6 3. g3 Bg7 4. Bg2 O-O 5. Nc3 d6 6. Nf3 Nc6 7. O-O Bf5
E62	King's Indian Defense: Fianchetto Variation, Simagin Variation	1. d4 Nf6 2. c4 g6 3. Nc3 Bg7 4. Nf3 d6 5. g3 O-O 6. Bg2 Nc6 7. O-O Bg4
E62	King's Indian Defense: Fianchetto Variation, Uhlmann-Szabo System	1. d4 Nf6 2. c4 g6 3. Nf3 Bg7 4. g3 O-O 5. Bg2 d6 6. O-O Nc6 7. Nc3 e5
E63	King's Indian Defense: Fianchetto Variation, Panno Variation	1. d4 Nf6 2. c4 g6 3. Nf3 Bg7 4. g3 O-O 5. Bg2 d6 6. O-O Nc6 7. Nc3 a6
E63	King's Indian Defense: Fianchetto Variation, Panno Variation, Blockade Line	1. d4 Nf6 2. c4 g6 3. Nf3 Bg7 4. g3 O-O 5. Bg2 d6 6. O-O Nc6 7. Nc3 a6 8. d5 Na5 9. Nd2 c5 10. Qc2 e5
E63	King's Indian Defense: Fianchetto Variation, Panno Variation, Donner Line	1. d4 Nf6 2. c4 g6 3. Nf3 Bg7 4. g3 O-O 5. Bg2 d6 6. O-O Nc6 7. Nc3 a6 8. d5 Na5 9. Nd2 c5 10. Qc2 Rb8 11. b3 b5 12. Bb2 bxc4 13. bxc4 Bh6
E63	King's Indian Defense: Fianchetto Variation, Panno Variation, Korchnoi Line	1. d4 Nf6 2. c4 g6 3. Nf3 Bg7 4. g3 O-O 5. Bg2 d6 6. O-O Nc6 7. Nc3 a6 8. h3 Rb8 9. Be3 b5 10. Nd2
E64	King's Indian Defense: Fianchetto Variation, Double Fianchetto Attack	1. d4 Nf6 2. c4 g6 3. Nf3 Bg7 4. g3 d6 5. Bg2 O-O 6. O-O Nbd7 7. Nc3 e5 8. b3
E64	King's Indian Defense: Fianchetto Variation, Hungarian Variation	1. d4 Nf6 2. c4 g6 3. Nf3 Bg7 4. g3 d6 5. Bg2 O-O 6. O-O Nbd7 7. Nc3 a6
E64	King's Indian Defense: Fianchetto Variation, Pterodactyl Variation	1. d4 Nf6 2. c4 g6 3. Nf3 Bg7 4. g3 c5 5. Bg2 Qa5+
E64	King's Indian Defense: Fianchetto Variation, Yugoslav System	1. d4 Nf6 2. c4 g6 3. Nf3 Bg7 4. g3 d6 5. Bg2 O-O 6. O-O c5
E64	King's Indian Defense: Fianchetto Variation, Yugoslav Variation, Rare Line	1. d4 Nf6 2. c4 g6 3. g3 Bg7 4. Bg2 O-O 5. Nc3 d6 6. Nf3 c5
E65	King's Indian Defense: Fianchetto Variation, Yugoslav Variation	1. d4 Nf6 2. c4 g6 3. Nf3 Bg7 4. g3 O-O 5. Bg2 d6 6. O-O c5 7. Nc3
E65	King's Indian Defense: Fianchetto Variation, Yugoslav Variation, Exchange Line	1. d4 Nf6 2. c4 g6 3. Nf3 Bg7 4. g3 O-O 5. Bg2 d6 6. O-O c5 7. Nc3 Nc6 8. dxc5 dxc5
E66	King's Indian Defense: Fianchetto Variation, Yugoslav Variation, Advance Line	1. d4 Nf6 2. c4 g6 3. Nf3 Bg7 4. g3 O-O 5. Bg2 d6 6. O-O c5 7. Nc3 Nc6 8. d5
E67	King's Indian Defense: Fianchetto Variation, Classical Fianchetto	1. d4 Nf6 2. c4 g6 3. Nf3 Bg7 4. g3 O-O 5. Bg2 d6 6. O-O Nbd7 7. Nc3 e5
E67	King's Indian Defense: Fianchetto Variation, Debrecen Defense	1. d4 Nf6 2. c4 g6 3. g3 Bg7 4. Bg2 O-O 5. Nc3 d6 6. Nf3 Nbd7
E68	King's Indian Defense: Fianchetto Variation, Classical Variation	1. d4 Nf6 2. c4 g6 3. Nf3 Bg7 4. g3 O-O 5. Bg2 d6 6. O-O Nbd7 7. Nc3 e5 8. e4
E68	King's Indian Defense: Fianchetto Variation, Long Variation	1. d4 Nf6 2. c4 g6 3. Nc3 Bg7 4. Nf3 d6 5. g3 O-O 6. Bg2 Nbd7 7. O-O e5 8. e4 Re8 9. h3 exd4 10. Nxd4 Nc5 11. Re1 a5
E69	King's Indian Defense: Fianchetto Variation, Classical Main Line	1. d4 Nf6 2. c4 g6 3. Nf3 Bg7 4. g3 O-O 5. Bg2 d6 6. O-O Nbd7 7. Nc3 e5 8. e4 c6 9. h3
E70	King's Indian Defense: Accelerated Averbakh Variation	1. d4 Nf6 2. c4 g6 3. Nc3 Bg7 4. e4 d6 5. Bg5
E70	King's Indian Defense: Kramer Variation	1. d4 Nf6 2. c4 g6 3. Nc3 Bg7 4. e4 d6 5. Nge2
E70	King's Indian Defense: Normal Variation	1. d4 Nf6 2. c4 g6 3. Nc3 Bg7 4. e4
E70	King's Indian Defense: Normal Variation	1. d4 Nf6 2. c4 g6 3. Nc3 Bg7 4. e4 d6
E71	King's Indian Defense: Makogonov Variation	1. d4 Nf6 2. c4 g6 3. Nc3 Bg7 4. e4 d6 5. h3
E72	King's Indian Defense: Normal Variation, Deferred Fianchetto	1. d4 Nf6 2. c4 g6 3. Nc3 Bg7 4. e4 d6 5. g3
E72	King's Indian Defense: Pomar System	1. d4 Nf6 2. c4 g6 3. Nc3 Bg7 4. e4 d6 5. g3 O-O 6. Bg2 e5 7. Nge2
E73	King's Indian Defense: Averbakh Variation	1. d4 Nf6 2. c4 g6 3. Nc3 Bg7 4. e4 d6 5. Be2 O-O 6. Bg5
E73	King's Indian Defense: Averbakh Variation, Flexible Defense	1. d4 Nf6 2. c4 g6 3. Nc3 Bg7 4. e4 d6 5. Be2 O-O 6. Bg5 h6
E73	King's Indian Defense: Averbakh Variation, Geller Defense	1. d4 Nf6 2. c4 g6 3. Nc3 Bg7 4. e4 d6 5. Be2 O-O 6. Bg5 Nbd7
E73	King's Indian Defense: Averbakh Variation, Modern Defense	1. d4 Nf6 2. c4 g6 3. Nc3 Bg7 4. e4 d6 5. Be2 O-O 6. Bg5 Na6
E73	King's Indian Defense: Averbakh Variation, Modern Defense, Burgess Line	1. d4 Nf6 2. c4 g6 3. Nc3 Bg7 4. e4 d6 5. Be2 O-O 6. Bg5 Na6 7. Qd2 c6
E73	King's Indian Defense: Averbakh Variation, Nc6 Defense	1. d4 Nf6 2. c4 g6 3. Nc3 Bg7 4. e4 d6 5. Be2 O-O 6. Bg5 Nc6
E73	King's Indian Defense: Averbakh Variation, Spanish Defense	1. d4 Nf6 2. c4 g6 3. Nc3 Bg7 4. e4 d6 5. Be2 O-O 6. Bg5 a6
E73	King's Indian Defense: Normal Variation, Standard Development	1. d4 Nf6 2. c4 g6 3. Nc3 Bg7 4. e4 d6 5. Be2
E73	King's Indian Defense: Semi-Averbakh System	1. d4 Nf6 2. c4 g6 3. Nc3 Bg7 4. e4 d6 5. Be2 O-O 6. Be3
E74	King's Indian Defense: Averbakh Variation, Benoni Defense	1. d4 Nf6 2. c4 g6 3. Nc3 Bg7 4. e4 d6 5. Be2 O-O 6. Bg5 c5
E74	King's Indian Defense: Averbakh Variation, Benoni Defense, Advance Variation	1. d4 Nf6 2. c4 g6 3. Nc3 Bg7 4. e4 d6 5. Be2 O-O 6. Bg5 c5 7. d5
E74	King's Indian Defense: Averbakh Variation, Benoni Defense, Exchange Variation	1. d4 Nf6 2. c4 g6 3. Nc3 Bg7 4. e4 d6 5. Be2 O-O 6. Bg5 c5 7. dxc5
E75	King's Indian Defense: Averbakh Variation, Main Line	1. d4 Nf6 2. c4 g6 3. Nc3 Bg7 4. e4 d6 5. Be2 O-O 6. Bg5 c5 7. d5 e6
E76	King's Indian Defense: Four Pawns Attack	1. d4 Nf6 2. c4 g6 3. Nc3 Bg7 4. e4 d6 5. f4
E76	King's Indian Defense: Four Pawns Attack, Dynamic Attack	1. d4 Nf6 2. c4 g6 3. Nc3 Bg7 4. e4 d6 5. f4 O-O 6. Nf3 c5 7. d5
E76	King's Indian Defense: Four Pawns Attack, Modern Defense	1. d4 Nf6 2. c4 g6 3. Nc3 Bg7 4. e4 d6 5. f4 Na6
E77	King's Indian Defense: Four Pawns Attack	1. d4 Nf6 2. c4 g6 3. Nc3 Bg7 4. e4 d6 5. Be2 O-O 6. f4
E77	King's Indian Defense: Four Pawns Attack, Florentine Gambit	1. d4 Nf6 2. c4 g6 3. Nc3 Bg7 4. e4 d6 5. f4 O-O 6. Nf3 c5 7. d5 e6 8. Be2 exd5 9. e5
E77	King's Indian Defense: Four Pawns Attack, Normal Attack	1. d4 Nf6 2. c4 g6 3. Nc3 Bg7 4. e4 d6 5. f4 O-O 6. Nf3 c5 7. d5 e6 8. Be2
E77	King's Indian Defense: Six Pawns Attack	1. d4 Nf6 2. c4 g6 3. Nc3 Bg7 4. e4 d6 5. f4 O-O 6. Be2 c5 7. d5 e6 8. dxe6 fxe6 9. g4 Nc6 10. h4
E78	King's Indian Defense: Four Pawns Attack, Fluid Attack	1. d4 Nf6 2. c4 g6 3. Nc3 Bg7 4. e4 d6 5. f4 O-O 6. Nf3 c5 7. Be2
E79	King's Indian Defense: Four Pawns Attack, Exchange Variation	1. d4 Nf6 2. c4 g6 3. Nc3 Bg7 4. e4 d6 5. f4 O-O 6. Nf3 c5 7. Be2 cxd4 8. Nxd4 Nc6 9. Be3
E80	King's Indian Defense: Sämisch Variation	1. d4 Nf6 2. c4 g6 3. Nc3 Bg7 4. e4 d6 5. f3
E81	King's Indian Defense: Steiner Attack	1. d4 Nf6 2. c4 g6 3. Nc3 Bg7 4. e4 d6 5. f3 O-O 6. Bg5
E81	King's Indian Defense: Sämisch Variation, Bobotsov-Korchnoi-Petrosian Variation	1. d4 Nf6 2. c4 g6 3. Nc3 Bg7 4. e4 d6 5. f3 O-O 6. Nge2
E81	King's Indian Defense: Sämisch Variation, Byrne Defense	1. d4 Nf6 2. c4 g6 3. Nc3 Bg7 4. e4 d6 5. f3 O-O 6. Be3 c6 7. Bd3 a6
E81	King's Indian Defense: Sämisch Variation, Normal Defense	1. d4 Nf6 2. c4 g6 3. Nc3 Bg7 4. e4 d6 5. f3 O-O
E81	King's Indian Defense: Sämisch Variation, Sämisch Gambit	1. d4 Nf6 2. c4 g6 3. Nc3 Bg7 4. e4 d6 5. f3 O-O 6. Be3 c5
E81	King's Indian Defense: Sämisch Variation, with Bg5	1. d4 Nf6 2. c4 g6 3. Nc3 Bg7 4. e4 d6 5. f3 O-O 6. Bg5 c5 7. d5 h6 8. Bf4
E81	King's Indian Defense: Sämisch Variation, with Bg5	1. d4 Nf6 2. c4 g6 3. Nc3 Bg7 4. e4 d6 5. f3 O-O 6. Bg5 c5 7. d5 e6 8. Qd2 exd5 9. Nxd5
E81	King's Indian Defense: Sämisch Variation, with Bg5	1. d4 Nf6 2. c4 g6 3. Nc3 Bg7 4. e4 d6 5. f3 O-O 6. Bg5 c5 7. d5 e6 8. Qd2 h6 9. Bxh6
E82	King's Indian Defense: Sämisch Variation, Double Fianchetto	1. d4 Nf6 2. c4 g6 3. Nc3 Bg7 4. e4 d6 5. f3 O-O 6. Be3 b6
E83	King's Indian Defense: Sämisch Variation, Panno Formation	1. d4 Nf6 2. c4 g6 3. Nc3 Bg7 4. e4 d6 5. f3 O-O 6. Be3 Nc6 7. Nge2 a6
E83	King's Indian Defense: Sämisch Variation, Ruban Variation	1. d4 Nf6 2. c4 g6 3. Nc3 Bg7 4. e4 d6 5. f3 O-O 6. Be3 Nc6 7. Nge2 Rb8
E83	King's Indian Defense: Sämisch Variation, Yates Defense	1. d4 Nf6 2. c4 g6 3. Nc3 Bg7 4. e4 d6 5. f3 O-O 6. Be3 Nc6
E84	King's Indian Defense: Sämisch Variation, Panno Main Line	1. d4 Nf6 2. c4 g6 3. Nc3 Bg7 4. e4 d6 5. f3 O-O 6. Be3 Nc6 7. Nge2 a6 8. Qd2 Rb8
E85	King's Indian Defense: Sämisch Variation, Orthodox Variation	1. d4 Nf6 2. c4 g6 3. Nc3 Bg7 4. e4 d6 5. f3 O-O 6. Be3 e5
E86	King's Indian Defense: Sämisch Variation	1. d4 Nf6 2. c4 g6 3. Nc3 Bg7 4. e4 d6 5. f3 O-O 6. Be3 e5 7. Nge2 c6
E87	King's Indian Defense: Sämisch Variation, Bronstein Defense	1. d4 Nf6 2. c4 g6 3. Nc3 Bg7 4. e4 d6 5. f3 O-O 6. Be3 e5 7. d5 Nh5 8. Qd2 Qh4+ 9. g3 Nxg3 10. Qf2 Nxf1 11. Qxh4 Nxe3 12. Ke2
E87	King's Indian Defense: Sämisch Variation, Closed Variation	1. d4 Nf6 2. c4 g6 3. Nc3 Bg7 4. e4 d6 5. f3 O-O 6. Be3 e5 7. d5
E87	King's Indian Defense: Sämisch Variation, Orthodox Variation, Bronstein Variation	1. d4 Nf6 2. c4 g6 3. Nc3 Bg7 4. e4 d6 5. f3 O-O 6. Be3 e5 7. d5 Nh5 8. Qd2 Qh4+ 9. g3 Nxg3 10. Qf2 Nxf1 11. Qxh4 Nxe3 12. Ke2 Nxc4
E89	King's Indian Defense: Sämisch Variation, Closed Variation, Main Line	1. d4 Nf6 2. c4 g6 3. Nc3 Bg7 4. e4 d6 5. f3 O-O 6. Be3 e5 7. Nge2 c6 8. d5 cxd5
E90	King's Indian Defense: Larsen Variation	1. d4 Nf6 2. c4 g6 3. Nc3 Bg7 4. e4 d6 5. Nf3 O-O 6. Be3
E90	King's Indian Defense: Normal Variation, Rare Defenses	1. d4 Nf6 2. c4 g6 3. Nc3 Bg7 4. e4 d6 5. Nf3
E90	King's Indian Defense: Zinnowitz Variation	1. d4 Nf6 2. c4 g6 3. Nc3 Bg7 4. e4 d6 5. Nf3 O-O 6. Bg5
E91	King's Indian Defense: Kazakh Variation	1. d4 Nf6 2. c4 g6 3. Nc3 Bg7 4. e4 d6 5. Nf3 O-O 6. Be2 Na6
E91	King's Indian Defense: Orthodox Variation	1. d4 Nf6 2. c4 g6 3. Nc3 Bg7 4. e4 d6 5. Nf3 O-O 6. Be2
E92	King's Indian Defense: Exchange Variation	1. d4 Nf6 2. c4 g6 3. Nc3 Bg7 4. e4 d6 5. Nf3 O-O 6. Be2 e5 7. dxe5
E92	King's Indian Defense: Orthodox Variation	1. d4 Nf6 2. c4 g6 3. Nc3 Bg7 4. e4 d6 5. Nf3 O-O 6. Be2 e5
E92	King's Indian Defense: Orthodox Variation, Gligoric-Taimanov System	1. d4 Nf6 2. c4 g6 3. Nc3 Bg7 4. e4 d6 5. Nf3 O-O 6. Be2 e5 7. Be3
E92	King's Indian Defense: Petrosian Variation	1. d4 Nf6 2. c4 g6 3. Nc3 Bg7 4. e4 d6 5. Nf3 O-O 6. Be2 e5 7. d5
E92	King's Indian Defense: Petrosian Variation, Stein Defense	1. d4 Nf6 2. c4 g6 3. Nc3 Bg7 4. e4 d6 5. Nf3 O-O 6. Be2 e5 7. d5 a5
E93	King's Indian Defense: Petrosian Variation, Keres Defense	1. d4 Nf6 2. c4 g6 3. Nc3 Bg7 4. e4 d6 5. Nf3 O-O 6. Be2 e5 7. d5 Nbd7 8. Bg5 h6 9. Bh4 g5 10. Bg3 Nh5 11. h4
E93	King's Indian Defense: Petrosian Variation, Normal Defense	1. d4 Nf6 2. c4 g6 3. Nc3 Bg7 4. e4 d6 5. Nf3 O-O 6. Be2 e5 7. d5 Nbd7
E94	King's Indian Defense: Orthodox Variation	1. d4 Nf6 2. c4 g6 3. Nc3 Bg7 4. e4 d6 5. Nf3 O-O 6. Be2 e5 7. O-O
E94	King's Indian Defense: Orthodox Variation, Donner Defense	1. d4 Nf6 2. c4 g6 3. Nc3 Bg7 4. e4 d6 5. Nf3 O-O 6. Be2 e5 7. O-O c6
E94	King's Indian Defense: Orthodox Variation, Glek Defense	1. d4 Nf6 2. c4 g6 3. Nc3 Bg7 4. e4 d6 5. Nf3 O-O 6. Be2 e5 7. O-O Na6
E94	King's Indian Defense: Orthodox Variation, Positional Defense	1. d4 Nf6 2. c4 d6 3. Nc3 Nbd7 4. e4 e5 5. Nf3 g6 6. Be2 Bg7 7. O-O O-O
E94	King's Indian Defense: Orthodox Variation, Positional Defense, Closed Line	1. d4 Nf6 2. c4 g6 3. Nc3 Bg7 4. e4 d6 5. Nf3 O-O 6. Be2 Nbd7 7. O-O e5 8. d5
E94	King's Indian Defense: Orthodox Variation, Ukrainian Defense	1. d4 Nf6 2. c4 g6 3. Nc3 Bg7 4. e4 d6 5. Nf3 O-O 6. Be2 e5 7. O-O a5
E95	King's Indian Defense: Orthodox Variation	1. d4 Nf6 2. c4 g6 3. Nc3 Bg7 4. e4 d6 5. Nf3 O-O 6. Be2 e5 7. O-O Nbd7 8. Re1
E96	King's Indian Defense: Orthodox Variation, Positional Defense, Main Line	1. d4 Nf6 2. c4 g6 3. Nc3 Bg7 4. e4 d6 5. Nf3 O-O 6. Be2 e5 7. O-O Nbd7 8. Re1 c6 9. Bf1 a5
E97	King's Indian Defense: Orthodox Variation, Aronin-Taimanov Defense	1. d4 Nf6 2. c4 g6 3. Nc3 Bg7 4. e4 d6 5. Nf3 O-O 6. Be2 e5 7. O-O Nc6
E97	King's Indian Defense: Orthodox Variation, Bayonet Attack	1. d4 Nf6 2. c4 g6 3. Nc3 Bg7 4. e4 d6 5. Nf3 O-O 6. Be2 e5 7. O-O Nc6 8. d5 Ne7 9. b4
E97	King's Indian Defense: Orthodox Variation, Bayonet Attack, Sokolov's Line	1. d4 Nf6 2. c4 g6 3. Nc3 Bg7 4. e4 d6 5. Nf3 O-O 6. Be2 e5 7. O-O Nc6 8. d5 Ne7 9. b4 Nh5 10. Re1
E97	King's Indian Defense: Orthodox Variation, Bayonet Attack, Yepishin's Line	1. d4 Nf6 2. c4 g6 3. Nc3 Bg7 4. e4 d6 5. Nf3 O-O 6. Be2 e5 7. O-O Nc6 8. d5 Ne7 9. b4 Nh5 10. Qc2
E97	King's Indian Defense: Orthodox Variation, Korchnoi Attack	1. d4 Nf6 2. c4 g6 3. Nc3 Bg7 4. e4 d6 5. Nf3 O-O 6. Be2 e5 7. O-O Nc6 8. d5 Ne7 9. Bd2
E97	King's Indian Defense: Orthodox Variation, Modern System	1. d4 Nf6 2. c4 g6 3. Nc3 Bg7 4. e4 d6 5. Nf3 O-O 6. Be2 e5 7. O-O Nc6 8. d5 Ne7 9. Nd2
E98	King's Indian Defense: Orthodox Variation, Classical System	1. d4 Nf6 2. c4 g6 3. Nc3 Bg7 4. e4 d6 5. Nf3 O-O 6. Be2 e5 7. O-O Nc6 8. d5 Ne7 9. Ne1
E98	King's Indian Defense: Orthodox Variation, Classical System, Kozul Gambit	1. d4 Nf6 2. c4 g6 3. Nc3 Bg7 4. e4 d6 5. Nf3 O-O 6. Be2 e5 7. O-O Nc6 8. d5 Ne7 9. Ne1 Nd7 10. Be3 f5 11. f3 f4 12. Bf2 g5 13. Rc1 Ng6 14. c5
E98	King's Indian Defense: Orthodox Variation, Classical System, Neo-Classical Line	1. d4 Nf6 2. c4 g6 3. Nc3 Bg7 4. e4 d6 5. Nf3 O-O 6. Be2 e5 7. O-O Nc6 8. d5 Ne7 9. Ne1 Nd7 10. Be3
E99	King's Indian Defense: Orthodox Variation, Classical System, Benko Attack	1. d4 Nf6 2. c4 g6 3. Nc3 Bg7 4. e4 d6 5. Nf3 O-O 6. Be2 e5 7. O-O Nc6 8. d5 Ne7 9. Ne1 Nd7 10. f3 f5 11. g4
E99	King's Indian Defense: Orthodox Variation, Classical System, Traditional Line	1. d4 Nf6 2. c4 g6 3. Nc3 Bg7 4. e4 d6 5. Nf3 O-O 6. Be2 e5 7. O-O Nc6 8. d5 Ne7 9. Ne1 Nd7 10. f3 f5